4070
24
0
4
0 1 1 74 156 22 (D 1,1,1) (S 16,12,12) (S 24,20,20) (S 13,19,19) (S 4,11,11) (S 89,26,30) (S 186,30,26) (S 169,19,18) (S 72,18,19) (S 76,19,26) (S 88,26,29) (S 185,29,26) (S 99,30,34) (S 109,34,40) (S 119,40,47) (S 1,46,46) (S 216,47,40) (S 206,40,34) (S 196,34,30) (S 34,37,37) (S 25,43,43) (D 1,1,1)
0 1 2 75 131 16 (D 1,1,1) (S 61,12,13) (S 158,13,12) (S 21,16,16) (S 162,15,14) (S 18,14,14) (S 65,14,15) (S 68,15,23) (S 165,23,15) (S 2,8,8) (S 148,8,7) (S 138,7,2) (S 41,2,7) (S 51,7,8) (S 53,8,9) (D 1,1,1)
0 1 3 73 138 14 (D 1,1,1) (S 39,1,6) (S 49,6,12) (S 62,12,20) (S 159,20,12) (S 63,13,14) (S 160,14,13) (S 64,13,21) (S 27,22,22) (S 81,22,23) (S 28,31,31) (S 192,32,28) (S 95,28,32) (D 1,1,1)
0 1 4 74 144 13 (D 1,1,1) (S 136,6,1) (S 146,12,6) (S 156,12,11) (S 60,11,19) (S 173,26,19) (S 157,19,11) (S 59,11,12) (S 26,23,23) (S 178,23,22) (S 67,15,16) (S 150,9,8) (D 1,1,1)
0 1 5 75 164 12 (D 1,1,1) (S 14,6,6) (S 50,6,13) (S 147,13,6) (S 48,6,7) (S 52,7,13) (S 149,13,7) (S 54,8,14) (S 151,14,8) (S 56,9,15) (S 30,42,42) (D 1,1,1)
0 1 6 72 158 17 (D 1,1,1) (S 20,5,5) (S 46,5,11) (S 108,34,35) (S 121,41,48) (S 218,48,41) (S 122,41,49) (S 219,49,41) (S 124,42,44) (S 221,44,42) (S 112,36,37) (S 125,43,45) (S 222,45,43) (S 209,37,36) (S 113,36,42) (S 210,42,36) (D 1,1,1)
0 1 7 75 147 12 (D 1,1,1) (S 153,15,9) (S 7,9,9) (S 164,16,15) (S 101,31,37) (S 198,37,31) (S 100,31,32) (S 31,32,32) (S 197,32,31) (S 115,37,43) (S 205,35,34) (D 1,1,1)
0 1 8 72 152 13 (D 1,1,1) (S 161,21,13) (S 6,27,27) (S 91,27,30) (S 19,30,30) (S 118,40,41) (S 208,41,35) (S 111,35,41) (S 215,41,40) (S 5,33,33) (S 11,39,39) (S 202,39,33) (D 1,1,1)
0 1 9 75 149 11 (D 1,1,1) (S 77,20,21) (S 80,21,27) (S 177,27,21) (S 174,21,20) (S 172,20,19) (S 73,18,26) (S 170,26,18) (S 22,18,18) (S 188,30,27) (D 1,1,1)
0 1 10 73 151 10 (D 1,1,1) (S 38,1,5) (S 143,11,5) (S 75,19,20) (S 3,26,26) (S 110,35,36) (S 207,36,35) (S 32,35,35) (S 201,34,33) (D 1,1,1)
0 1 11 72 143 11 (D 1,1,1) (S 70,16,24) (S 85,24,25) (S 182,25,24) (S 15,24,24) (S 167,24,16) (S 87,25,28) (S 29,28,28) (S 184,28,25) (S 102,32,37) (D 1,1,1)
0 1 12 75 181 11 (D 1,1,1) (S 145,7,6) (S 12,3,3) (S 43,3,9) (S 140,9,3) (S 44,4,10) (S 141,10,4) (S 8,10,10) (S 35,17,17) (S 71,17,25) (D 1,1,1)
0 1 13 75 162 11 (D 1,1,1) (S 66,14,22) (S 84,23,31) (S 199,37,32) (S 33,38,38) (S 116,38,43) (S 212,43,37) (S 23,36,36) (S 127,44,49) (S 224,49,44) (D 1,1,1)
0 1 14 72 171 12 (D 1,1,1) (S 203,40,33) (S 106,33,40) (S 131,47,48) (S 228,48,47) (S 227,47,46) (S 130,46,47) (S 17,48,48) (S 120,41,42) (S 217,42,41) (S 104,33,34) (D 1,1,1)
0 1 15 70 169 10 (D 1,1,1) (S 90,26,34) (S 187,34,26) (S 98,29,39) (S 105,33,39) (S 195,39,29) (S 171,29,18) (S 74,18,29) (S 97,29,33) (D 1,1,1)
0 1 16 75 198 11 (D 1,1,1) (S 57,9,16) (S 154,16,9) (S 181,31,23) (S 83,23,24) (S 180,24,23) (S 163,22,14) (S 129,45,50) (S 226,50,45) (S 213,43,38) (D 1,1,1)
0 1 17 75 173 10 (D 1,1,1) (S 79,21,22) (S 82,22,31) (S 126,43,50) (S 223,50,43) (S 220,43,42) (S 9,44,44) (S 128,44,50) (S 10,49,49) (D 1,1,1)
0 1 18 71 206 9 (D 1,1,1) (S 135,5,1) (S 142,6,5) (S 47,5,18) (S 144,18,5) (S 45,5,6) (S 40,2,3) (S 42,3,4) (D 1,1,1)
0 1 19 72 192 9 (D 1,1,1) (S 37,1,2) (S 137,3,2) (S 176,22,21) (S 93,27,35) (S 190,35,27) (S 92,27,31) (S 179,31,22) (D 1,1,1)
0 1 20 75 204 10 (D 1,1,1) (S 69,16,17) (S 166,17,16) (S 86,24,32) (S 103,32,38) (S 200,38,32) (S 183,32,24) (S 168,25,17) (S 155,17,10) (D 1,1,1)
0 1 21 74 201 10 (D 1,1,1) (S 78,20,30) (S 123,42,43) (S 214,45,38) (S 117,38,45) (S 225,50,44) (S 229,49,48) (S 132,48,49) (S 194,33,29) (D 1,1,1)
0 1 22 67 205 9 (D 1,1,1) (S 55,9,10) (S 139,4,3) (S 58,10,17) (S 96,28,38) (S 211,38,37) (S 114,37,38) (S 193,38,28) (D 1,1,1)
0 1 23 68 197 8 (D 1,1,1) (S 175,30,20) (S 107,33,46) (S 204,46,33) (S 191,36,27) (S 94,27,36) (S 189,31,27) (D 1,1,1)
0 1 24 46 178 6 (D 1,1,1) (S 134,2,1) (S 152,10,9) (S 230,50,49) (S 133,49,50) (D 1,1,1)
