511050
68
46
1241
0 1 1 2000 6962 66 (D 572,1,1) (S 58,58,58) (S 57,57,57) (S 189,189,189) (S 182,182,182) (S 222,222,222) (S 178,178,178) (S 190,190,190) (S 215,215,215) (S 436,485,486) (S 288,288,288) (S 234,234,234) (S 168,168,168) (S 108,108,108) (S 207,207,207) (S 186,186,186) (S 103,103,103) (S 115,115,115) (S 170,170,170) (S 953,692,170) (S 83,83,83) (S 136,136,136) (S 782,60,133) (S 133,133,133) (S 60,60,60) (S 608,60,136) (S 160,160,160) (S 923,160,677) (S 754,595,117) (S 318,102,333) (S 102,102,102) (S 117,117,117) (S 70,70,70) (S 101,101,101) (S 697,95,161) (S 161,161,161) (S 95,95,95) (S 53,53,53) (S 10,10,10) (S 97,97,97) (S 116,116,116) (S 76,76,76) (S 77,77,77) (S 319,334,335) (S 159,159,159) (S 156,156,156) (S 415,369,468) (S 421,468,413) (S 372,413,418) (S 408,413,395) (S 427,414,441) (S 435,472,414) (S 294,294,294) (S 225,225,225) (S 192,192,192) (S 237,237,237) (S 219,219,219) (S 228,228,228) (S 235,235,235) (S 290,290,290) (S 233,233,233) (S 231,231,231) (S 240,240,240) (S 107,107,107) (S 62,62,62) (D 572,1,1)
0 1 2 2000 6919 54 (D 572,1,1) (S 134,134,134) (S 104,104,104) (S 98,98,98) (S 176,176,176) (S 175,175,175) (S 523,544,545) (S 532,545,518) (S 541,37,552) (S 179,179,179) (S 37,37,37) (S 218,218,218) (S 430,448,480) (S 1196,448,218) (S 393,447,448) (S 424,474,475) (S 283,283,283) (S 223,223,223) (S 210,210,210) (S 226,226,226) (S 180,180,180) (S 150,150,150) (S 110,110,110) (S 6,6,6) (S 472,517,6) (S 799,517,649) (S 903,585,649) (S 851,584,661) (S 615,584,585) (S 795,585,609) (S 129,129,129) (S 128,128,128) (S 140,140,140) (S 171,171,171) (S 7,7,7) (S 106,106,106) (S 72,72,72) (S 347,375,376) (S 146,146,146) (S 41,41,41) (S 145,145,145) (S 124,124,124) (S 230,230,230) (S 212,212,212) (S 241,241,241) (S 181,181,181) (S 204,204,204) (S 211,211,211) (S 213,213,213) (S 293,293,293) (S 238,238,238) (S 203,203,203) (S 363,403,404) (D 572,1,1)
0 1 3 2000 6506 38 (D 572,1,1) (S 873,572,58) (S 627,574,62) (S 590,574,572) (S 585,572,134) (S 604,574,57) (S 605,57,58) (S 367,403,410) (S 395,404,450) (S 360,398,399) (S 399,178,222) (S 440,491,481) (S 214,214,214) (S 396,405,288) (S 375,421,422) (S 439,489,490) (S 409,462,289) (S 289,289,289) (S 205,205,205) (S 412,205,461) (S 407,460,461) (S 428,461,478) (S 426,477,435) (S 384,435,436) (S 405,458,436) (S 432,482,460) (S 397,451,416) (S 371,416,417) (S 260,260,260) (S 84,84,84) (S 209,209,209) (S 385,207,437) (S 221,221,221) (S 191,191,191) (S 202,202,202) (S 216,216,216) (S 227,227,227) (D 572,1,1)
0 1 4 2000 6932 31 (D 572,1,1) (S 794,580,107) (S 438,488,370) (S 434,370,484) (S 344,370,371) (S 398,452,203) (S 437,487,288) (S 374,288,420) (S 431,481,405) (S 410,395,463) (S 100,100,100) (S 114,114,114) (S 113,113,113) (S 174,174,174) (S 266,266,266) (S 224,224,224) (S 442,243,493) (S 392,446,445) (S 402,455,445) (S 391,445,213) (S 401,454,425) (S 1097,425,213) (S 1212,459,493) (S 441,492,243) (S 243,243,243) (S 406,459,213) (S 377,425,426) (S 291,291,291) (S 623,580,62) (S 183,183,183) (D 572,1,1)
0 1 5 2000 3741 16 (D 572,1,1) (S 720,618,623) (S 711,104,618) (S 687,608,609) (S 750,608,623) (S 956,104,695) (S 702,98,176) (S 925,98,104) (S 972,98,175) (S 971,702,175) (S 686,584,608) (S 802,545,37) (S 798,552,648) (S 326,345,346) (S 947,346,648) (D 572,1,1)
0 1 6 2000 11022 29 (D 572,1,1) (S 404,399,457) (S 1204,457,761) (S 1174,753,761) (S 1175,581,761) (S 1155,681,753) (S 1107,753,291) (S 1131,681,450) (S 1110,730,743) (S 1156,190,743) (S 1083,743,744) (S 1173,744,233) (S 1158,733,231) (S 1152,733,744) (S 162,162,162) (S 188,188,188) (S 2,2,2) (S 5,5,5) (S 130,130,130) (S 147,147,147) (S 194,194,194) (S 35,35,35) (S 26,26,26) (S 332,353,354) (S 89,89,89) (S 93,93,93) (S 322,339,340) (S 236,236,236) (D 572,1,1)
0 1 7 2000 7468 22 (D 572,1,1) (S 610,580,581) (S 1041,581,240) (S 982,711,178) (S 1179,178,398) (S 1142,711,222) (S 1027,711,728) (S 1211,728,240) (S 1054,728,733) (S 1143,730,222) (S 1033,730,450) (S 1132,450,457) (S 1009,190,721) (S 1145,717,215) (S 65,65,65) (S 24,24,24) (S 258,258,258) (S 88,88,88) (S 68,68,68) (S 169,169,169) (S 153,153,153) (D 572,1,1)
0 1 8 2000 6165 17 (D 572,1,1) (S 935,681,682) (S 1150,682,736) (S 1146,736,426) (S 1189,426,759) (S 1170,759,293) (S 1091,182,718) (S 1058,718,736) (S 1205,189,241) (S 1003,189,718) (S 1092,182,211) (S 1208,189,747) (S 1096,747,748) (S 1094,747,212) (S 345,372,365) (S 64,64,64) (D 572,1,1)
0 1 9 1999 11933 28 (D 572,1,1) (S 1104,717,721) (S 1165,735,739) (S 1103,739,740) (S 1108,740,462) (S 1114,462,234) (S 1116,487,485) (S 1191,487,234) (S 1117,487,481) (S 1188,750,755) (S 1153,755,229) (S 229,229,229) (S 418,470,472) (S 358,395,396) (S 369,413,414) (S 376,423,424) (S 15,15,15) (S 282,282,282) (S 16,16,16) (S 9,9,9) (S 18,18,18) (S 19,19,19) (S 96,96,96) (S 21,21,21) (S 11,11,11) (S 55,55,55) (S 28,28,28) (D 572,1,1)
0 1 10 1997 3730 16 (D 572,1,1) (S 1134,735,721) (S 1002,717,289) (S 1074,289,739) (S 1075,740,208) (S 208,208,208) (S 1192,734,491) (S 1055,734,735) (S 1102,215,486) (S 1209,486,489) (S 1050,490,421) (S 1070,490,288) (S 1144,215,462) (S 414,369,456) (S 380,430,431) (D 572,1,1)
0 1 11 1993 4135 16 (D 572,1,1) (S 1056,403,203) (S 1122,371,203) (S 1115,404,754) (S 1194,754,238) (S 1190,682,754) (S 1057,181,204) (S 985,181,182) (S 1095,748,230) (S 1169,748,759) (S 443,0,493) (S 1213,0,493) (S 1126,756,224) (S 1162,756,757) (S 141,141,141) (D 572,1,1)
0 1 12 2000 3715 16 (D 572,1,1) (S 1105,717,190) (S 1098,734,749) (S 1113,416,749) (S 1200,749,750) (S 1017,725,451) (S 1124,451,749) (S 1015,724,725) (S 1099,725,750) (S 1086,192,745) (S 1187,745,237) (S 1014,192,724) (S 1135,724,750) (S 1125,746,755) (S 287,287,287) (D 572,1,1)
0 1 13 1999 4582 21 (D 572,1,1) (S 471,517,518) (S 1020,518,609) (S 554,6,110) (S 883,600,150) (S 661,600,345) (S 721,600,110) (S 533,544,37) (S 722,552,179) (S 850,544,661) (S 355,390,391) (S 357,393,394) (S 423,394,391) (S 356,391,392) (S 400,453,390) (S 390,397,415) (S 370,415,394) (S 1047,393,287) (S 1149,390,415) (S 429,479,432) (D 572,1,1)
0 1 14 1993 5786 20 (D 572,1,1) (S 891,618,134) (S 894,623,129) (S 352,385,386) (S 79,79,79) (S 78,78,78) (S 653,78,79) (S 654,78,140) (S 749,78,386) (S 948,386,128) (S 807,615,128) (S 808,615,129) (S 701,615,171) (S 477,7,521) (S 714,106,619) (S 800,619,521) (S 264,264,264) (S 74,74,74) (S 135,135,135) (D 572,1,1)
0 1 15 1987 4105 17 (D 572,1,1) (S 945,417,168) (S 1186,612,168) (S 1171,451,760) (S 1172,470,760) (S 417,470,471) (S 419,414,471) (S 394,441,449) (S 1154,449,471) (S 403,423,456) (S 343,368,369) (S 420,468,472) (S 1203,472,294) (S 1202,456,294) (S 1195,225,760) (S 268,268,268) (D 572,1,1)
0 1 16 2000 4560 16 (D 572,1,1) (S 1119,745,219) (S 1137,643,228) (S 1198,643,219) (S 1176,746,235) (S 1089,290,746) (S 1118,416,471) (S 1201,225,456) (S 757,368,334) (S 912,334,424) (S 921,335,159) (S 905,156,671) (S 922,156,159) (S 733,335,368) (S 200,200,200) (D 572,1,1)
0 1 17 1999 5022 21 (D 572,1,1) (S 1106,181,752) (S 1138,577,757) (S 1161,757,243) (S 1167,577,756) (S 1127,224,493) (S 278,278,278) (S 252,252,252) (S 843,252,264) (S 342,141,367) (S 99,99,99) (S 852,252,141) (S 853,605,264) (S 675,605,266) (S 874,266,145) (S 309,319,320) (S 261,261,261) (S 163,163,163) (S 94,94,94) (S 112,112,112) (D 572,1,1)
0 1 18 1988 4704 16 (D 572,1,1) (S 1100,406,214) (S 364,405,406) (S 1157,464,476) (S 1185,476,482) (S 1073,477,458) (S 1184,477,482) (S 1066,465,205) (S 1008,464,192) (S 388,441,442) (S 1093,463,443) (S 389,443,444) (S 433,483,463) (S 330,351,101) (S 1128,423,225) (D 572,1,1)
0 1 19 1991 6068 24 (D 572,1,1) (S 148,148,148) (S 719,622,149) (S 149,149,149) (S 167,167,167) (S 769,599,622) (S 880,622,148) (S 466,511,513) (S 1088,513,148) (S 741,599,167) (S 81,81,81) (S 184,184,184) (S 818,575,131) (S 131,131,131) (S 592,533,575) (S 819,86,575) (S 86,86,86) (S 668,86,604) (S 989,604,184) (S 312,324,325) (S 85,85,85) (S 67,67,67) (S 122,122,122) (D 572,1,1)
0 1 20 1990 4654 18 (D 572,1,1) (S 934,649,680) (S 1148,680,741) (S 1183,701,741) (S 968,700,701) (S 1062,701,498) (S 1079,498,741) (S 1160,698,741) (S 983,698,680) (S 1051,700,437) (S 996,715,186) (S 997,389,186) (S 361,400,389) (S 998,389,411) (S 368,411,412) (S 220,220,220) (S 199,199,199) (D 572,1,1)
0 1 21 1991 4631 17 (D 572,1,1) (S 694,602,612) (S 716,602,108) (S 1060,108,714) (S 341,365,366) (S 382,366,400) (S 1007,388,433) (S 354,388,389) (S 1034,186,400) (S 1004,715,430) (S 1071,431,207) (S 986,700,397) (S 359,397,393) (S 1085,430,437) (S 206,206,206) (S 239,239,239) (D 572,1,1)
0 1 22 1987 5097 16 (D 572,1,1) (S 386,438,371) (S 735,592,542) (S 738,41,542) (S 548,41,555) (S 878,555,146) (S 609,376,555) (S 753,376,521) (S 682,7,171) (S 849,79,652) (S 816,558,329) (S 315,89,329) (S 817,558,652) (S 810,339,652) (S 51,51,51) (D 572,1,1)
0 1 23 1993 4526 16 (D 572,1,1) (S 1068,648,691) (S 1139,691,751) (S 1101,751,218) (S 969,283,448) (S 1206,283,475) (S 1081,283,742) (S 1182,742,474) (S 1168,742,751) (S 995,691,223) (S 1082,726,210) (S 1151,726,223) (S 966,685,571) (S 949,685,686) (S 413,466,467) (D 572,1,1)
0 1 24 1993 5830 16 (D 572,1,1) (S 758,423,636) (S 814,77,636) (S 929,635,162) (S 766,100,635) (S 751,635,636) (S 652,76,77) (S 744,76,116) (S 707,616,617) (S 770,617,116) (S 745,97,116) (S 859,616,338) (S 999,616,188) (S 482,522,10) (S 177,177,177) (D 572,1,1)
0 1 25 1990 5616 34 (D 572,1,1) (S 411,464,465) (S 425,476,205) (S 263,263,263) (S 284,284,284) (S 265,265,265) (S 334,284,357) (S 276,276,276) (S 111,111,111) (S 274,274,274) (S 127,127,127) (S 259,259,259) (S 320,259,336) (S 157,157,157) (S 137,137,137) (S 92,92,92) (S 285,285,285) (S 279,279,279) (S 348,377,378) (S 327,347,262) (S 262,262,262) (S 255,255,255) (S 336,358,359) (S 847,350,138) (S 846,113,138) (S 845,343,275) (S 275,275,275) (S 335,343,273) (S 273,273,273) (S 329,273,350) (S 138,138,138) (S 132,132,132) (S 788,626,643) (D 572,1,1)
0 1 26 1998 4961 23 (D 572,1,1) (S 963,698,675) (S 1028,703,195) (S 195,195,195) (S 187,187,187) (S 1064,699,703) (S 967,699,187) (S 1012,699,723) (S 1120,723,221) (S 1065,727,737) (S 1063,199,737) (S 1076,737,732) (S 1199,732,239) (S 422,428,473) (S 416,379,469) (S 350,381,382) (S 366,407,409) (S 185,185,185) (S 373,419,408) (S 353,387,185) (S 196,196,196) (S 379,196,429) (D 572,1,1)
0 1 27 1993 5120 16 (D 572,1,1) (S 984,150,180) (S 1038,180,729) (S 1129,729,226) (S 1018,180,726) (S 952,685,691) (S 1181,183,236) (S 988,183,571) (S 992,686,690) (S 951,689,690) (S 964,689,686) (S 957,689,696) (S 1084,696,709) (S 1025,696,712) (S 232,232,232) (D 572,1,1)
0 1 28 2000 5299 18 (D 572,1,1) (S 773,260,612) (S 665,84,602) (S 63,63,63) (S 624,589,63) (S 1059,63,731) (S 1040,365,731) (S 1164,366,479) (S 383,434,432) (S 381,432,433) (S 1016,433,400) (S 1080,714,209) (S 994,714,715) (S 1112,411,430) (S 217,217,217) (S 151,151,151) (S 119,119,119) (D 572,1,1)
0 1 29 1990 5650 16 (D 572,1,1) (S 723,72,619) (S 693,592,230) (S 637,592,593) (S 647,252,74) (S 705,74,367) (S 704,367,99) (S 786,74,99) (S 706,74,264) (S 785,319,605) (S 928,145,593) (S 927,145,278) (S 324,319,264) (S 784,319,124) (S 125,125,125) (D 572,1,1)
0 1 30 1993 5505 16 (D 572,1,1) (S 1178,714,731) (S 801,63,103) (S 710,102,103) (S 858,102,117) (S 940,595,160) (S 703,565,70) (S 642,70,595) (S 643,70,596) (S 830,596,136) (S 746,582,596) (S 663,582,83) (S 611,582,583) (S 780,583,333) (S 52,52,52) (D 572,1,1)
0 1 31 1985 5935 19 (D 572,1,1) (S 598,577,278) (S 820,587,124) (S 848,587,626) (S 882,268,664) (S 718,268,621) (S 717,65,268) (S 866,65,621) (S 727,621,626) (S 622,587,588) (S 331,352,344) (S 337,360,361) (S 791,125,126) (S 126,126,126) (S 281,281,281) (S 257,257,257) (S 269,269,269) (S 909,660,588) (D 572,1,1)
0 1 32 1999 7270 18 (D 572,1,1) (S 708,384,100) (S 351,383,384) (S 700,522,97) (S 771,522,617) (S 1045,337,200) (S 321,337,338) (S 680,10,53) (S 588,53,565) (S 567,565,101) (S 593,351,335) (S 626,65,132) (S 323,341,342) (S 198,198,198) (S 732,113,114) (S 902,114,669) (S 748,114,132) (D 572,1,1)
0 1 33 2000 6485 16 (D 572,1,1) (S 645,72,107) (S 836,625,660) (S 824,631,261) (S 916,261,676) (S 837,631,660) (S 736,625,631) (S 939,624,678) (S 931,678,163) (S 943,638,678) (S 833,624,256) (S 256,256,256) (S 340,363,279) (S 875,638,662) (S 14,14,14) (D 572,1,1)
0 1 34 1988 5016 19 (D 572,1,1) (S 979,708,709) (S 1032,708,709) (S 976,708,704) (S 1006,704,720) (S 1163,720,467) (S 1130,467,227) (S 1048,720,466) (S 201,201,201) (S 197,197,197) (S 242,242,242) (S 155,155,155) (S 1207,668,242) (S 1037,667,197) (S 1026,667,194) (S 1046,194,201) (S 1197,201,758) (S 365,407,408) (D 572,1,1)
0 1 35 1994 5725 18 (D 572,1,1) (S 1031,683,706) (S 1010,560,722) (S 1210,722,220) (S 1044,199,220) (S 1053,722,206) (S 1067,705,206) (S 1000,705,716) (S 1090,716,723) (S 1024,716,727) (S 1121,727,221) (S 1049,401,732) (S 362,401,402) (S 349,379,380) (S 933,380,679) (S 59,59,59) (S 48,48,48) (D 572,1,1)
0 1 36 1993 5328 16 (D 572,1,1) (S 1072,683,697) (S 1111,606,217) (S 937,606,683) (S 1042,560,706) (S 1011,560,191) (S 918,666,562) (S 993,666,713) (S 1147,713,402) (S 1180,679,473) (S 1166,428,469) (S 978,379,382) (S 1023,408,387) (S 1193,387,381) (S 23,23,23) (D 572,1,1)
0 1 37 1993 7056 16 (D 572,1,1) (S 465,511,512) (S 636,541,512) (S 518,541,542) (S 695,613,94) (S 775,613,620) (S 796,620,646) (S 897,647,135) (S 869,647,653) (S 1013,653,646) (S 1036,646,285) (S 825,654,657) (S 876,657,662) (S 941,662,588) (S 87,87,87) (D 572,1,1)
0 1 38 1990 7828 26 (D 572,1,1) (S 589,511,534) (S 980,511,661) (S 911,675,187) (S 990,699,697) (S 889,527,151) (S 277,277,277) (S 80,80,80) (S 54,54,54) (S 75,75,75) (S 90,90,90) (S 91,91,91) (S 71,71,71) (S 82,82,82) (S 166,166,166) (S 118,118,118) (S 46,46,46) (S 13,13,13) (S 489,526,527) (S 904,14,670) (S 805,14,559) (S 955,559,172) (S 172,172,172) (S 974,705,706) (S 962,697,675) (D 572,1,1)
0 1 39 1998 6404 16 (D 572,1,1) (S 692,329,93) (S 828,557,89) (S 684,89,607) (S 827,557,607) (S 856,586,604) (S 658,586,597) (S 659,597,81) (S 649,312,597) (S 872,561,312) (S 683,561,607) (S 553,557,558) (S 779,340,122) (S 152,152,152) (S 776,67,122) (D 572,1,1)
0 1 40 1995 6874 25 (D 572,1,1) (S 617,570,569) (S 583,51,569) (S 633,569,591) (S 634,570,591) (S 778,591,340) (S 632,67,324) (S 667,325,85) (S 709,85,353) (S 552,354,529) (S 890,529,152) (S 20,20,20) (S 47,47,47) (S 61,61,61) (S 50,50,50) (S 143,143,143) (S 29,29,29) (S 73,73,73) (S 251,251,251) (S 39,39,39) (S 36,36,36) (S 531,36,551) (S 45,45,45) (S 121,121,121) (D 572,1,1)
0 1 41 1993 5688 16 (D 572,1,1) (S 1030,690,729) (S 950,687,688) (S 1061,687,688) (S 975,687,707) (S 1123,707,292) (S 1077,719,292) (S 1021,707,673) (S 1177,673,719) (S 1141,672,758) (S 1159,758,232) (S 906,672,673) (S 1069,201,738) (S 901,667,668) (S 165,165,165) (D 572,1,1)
0 1 42 1996 5011 16 (D 572,1,1) (S 765,613,638) (S 832,638,352) (S 725,347,255) (S 841,255,655) (S 857,655,358) (S 831,262,658) (S 930,658,279) (S 942,279,377) (S 806,347,378) (S 867,378,658) (S 920,262,275) (S 314,327,328) (S 826,262,352) (S 286,286,286) (D 572,1,1)
0 1 43 1993 6377 16 (D 572,1,1) (S 887,654,659) (S 888,634,659) (S 844,633,276) (S 747,633,634) (S 804,633,651) (S 834,628,651) (S 840,263,357) (S 829,263,651) (S 783,628,640) (S 823,640,135) (S 898,611,135) (S 871,112,640) (S 689,610,611) (S 173,173,173) (D 572,1,1)
0 1 44 2000 6989 16 (D 572,1,1) (S 726,624,625) (S 835,361,659) (S 865,284,265) (S 756,284,263) (S 728,627,112) (S 729,627,628) (S 797,628,647) (S 838,357,276) (S 868,634,653) (S 690,92,611) (S 688,92,610) (S 715,610,620) (S 821,653,654) (S 42,42,42) (D 572,1,1)
0 1 45 1993 5762 16 (D 572,1,1) (S 973,703,704) (S 1035,693,196) (S 1109,196,216) (S 954,693,694) (S 1019,694,684) (S 1052,684,202) (S 1140,694,440) (S 938,684,409) (S 1136,679,713) (S 1078,380,185) (S 991,408,185) (S 1029,185,409) (S 842,356,407) (S 154,154,154) (D 572,1,1)
0 1 46 1986 7595 18 (D 572,1,1) (S 884,657,269) (S 946,257,281) (S 961,125,281) (S 734,630,257) (S 885,257,269) (S 724,111,360) (S 270,270,270) (S 267,267,267) (S 272,272,272) (S 893,639,650) (S 1039,650,286) (S 926,650,267) (S 877,267,663) (S 861,639,578) (S 313,80,326) (S 328,348,349) (D 572,1,1)
0 1 47 1987 7121 18 (D 572,1,1) (S 681,527,606) (S 854,526,119) (S 505,277,24) (S 815,24,629) (S 730,629,119) (S 731,532,629) (S 565,564,532) (S 924,277,564) (S 657,564,80) (S 249,249,249) (S 564,249,563) (S 662,563,82) (S 760,82,637) (S 316,330,46) (S 30,30,30) (S 109,109,109) (D 572,1,1)
0 1 48 1996 7838 16 (D 572,1,1) (S 900,666,191) (S 378,427,428) (S 333,355,356) (S 1087,693,466) (S 1133,710,429) (S 1005,710,719) (S 292,292,292) (S 981,672,710) (S 970,668,155) (S 664,568,601) (S 936,601,165) (S 670,601,154) (S 144,144,144) (S 387,439,440) (D 572,1,1)
0 1 49 1997 9516 24 (D 572,1,1) (S 490,526,14) (S 557,559,560) (S 606,579,59) (S 607,59,536) (S 879,535,147) (S 600,535,547) (S 712,547,553) (S 544,553,554) (S 49,49,49) (S 38,38,38) (S 3,3,3) (S 764,2,576) (S 1,1,1) (S 455,1,505) (S 254,254,254) (S 4,4,4) (S 69,69,69) (S 22,22,22) (S 550,531,253) (S 253,253,253) (S 66,66,66) (S 44,44,44) (D 572,1,1)
0 1 50 1992 9631 16 (D 572,1,1) (S 822,655,656) (S 915,327,656) (S 965,656,174) (S 338,327,362) (S 914,273,358) (S 907,363,674) (S 339,363,364) (S 325,343,344) (S 1043,342,198) (S 793,341,344) (S 755,627,137) (S 908,641,157) (S 43,43,43) (S 317,331,332) (D 572,1,1)
0 1 51 2000 9330 16 (D 572,1,1) (S 584,570,571) (S 987,688,712) (S 576,568,155) (S 774,45,121) (S 763,546,73) (S 674,546,540) (S 595,26,29) (S 511,26,50) (S 864,50,143) (S 620,50,61) (S 517,29,540) (S 629,540,144) (S 459,251,509) (S 164,164,164) (D 572,1,1)
0 1 52 1986 7487 16 (D 572,1,1) (S 739,583,115) (S 1001,115,170) (S 977,573,177) (S 628,573,590) (S 639,590,115) (S 587,573,52) (S 677,52,87) (S 248,248,248) (S 669,248,87) (S 648,54,75) (S 855,75,90) (S 752,54,326) (S 768,80,87) (S 311,322,323) (D 572,1,1)
0 1 53 1985 10402 17 (D 572,1,1) (S 860,53,95) (S 919,590,151) (S 503,23,532) (S 685,90,91) (S 809,71,91) (S 563,249,54) (S 762,637,166) (S 761,637,118) (S 811,330,118) (S 271,271,271) (S 651,525,598) (S 656,598,153) (S 650,598,331) (S 303,308,309) (S 105,105,105) (D 572,1,1)
0 1 54 1993 8974 16 (D 572,1,1) (S 446,496,495) (S 447,496,495) (S 445,495,494) (S 444,494,271) (S 488,525,13) (S 895,525,271) (S 812,331,118) (S 519,543,30) (S 638,30,594) (S 558,543,46) (S 740,543,594) (S 625,332,64) (S 673,64,594) (S 40,40,40) (D 572,1,1)
0 1 55 1993 8217 16 (D 572,1,1) (S 881,111,274) (S 870,645,274) (S 792,127,645) (S 910,336,127) (S 743,259,632) (S 913,632,274) (S 767,632,639) (S 917,259,645) (S 899,336,642) (S 787,641,642) (S 896,642,272) (S 862,578,272) (S 803,270,650) (S 33,33,33) (D 572,1,1)
0 1 56 1998 16121 18 (D 572,1,1) (S 580,513,533) (S 618,304,586) (S 660,312,599) (S 559,561,313) (S 305,312,313) (S 506,533,534) (S 671,566,603) (S 666,603,125) (S 742,270,336) (S 863,641,137) (S 839,126,593) (S 676,512,603) (S 566,541,146) (S 56,56,56) (S 120,120,120) (S 34,34,34) (D 572,1,1)
0 1 57 1993 10627 16 (D 572,1,1) (S 497,23,173) (S 696,42,614) (S 549,42,248) (S 655,563,169) (S 635,68,71) (S 698,68,348) (S 691,43,349) (S 551,43,556) (S 737,556,258) (S 679,556,88) (S 759,308,88) (S 502,531,22) (S 641,22,69) (S 123,123,123) (D 572,1,1)
0 1 58 1994 9056 16 (D 572,1,1) (S 525,547,548) (S 813,548,130) (S 545,548,554) (S 546,553,48) (S 619,48,49) (S 571,38,49) (S 534,5,38) (S 470,5,516) (S 582,516,523) (S 790,2,576) (S 461,2,3) (S 484,3,523) (S 474,519,520) (S 298,300,301) (D 572,1,1)
0 1 59 1988 8423 20 (D 572,1,1) (S 562,536,562) (S 507,535,536) (S 621,554,322) (S 310,15,321) (S 678,15,56) (S 247,247,247) (S 304,310,311) (S 31,31,31) (S 630,31,311) (S 307,316,317) (S 555,317,44) (S 713,44,105) (S 599,44,56) (S 491,15,120) (S 613,33,40) (S 245,245,245) (S 586,510,514) (S 193,193,193) (D 572,1,1)
0 1 60 2000 11462 16 (D 572,1,1) (S 449,496,498) (S 537,531,309) (S 536,253,109) (S 575,567,66) (S 574,567,109) (S 789,4,644) (S 464,4,69) (S 543,4,254) (S 581,505,374) (S 473,374,254) (S 542,505,519) (S 561,519,523) (S 594,1,576) (S 8,8,8) (D 572,1,1)
0 1 61 1999 16400 18 (D 572,1,1) (S 568,566,534) (S 602,566,578) (S 944,13,280) (S 280,280,280) (S 612,567,332) (S 672,594,109) (S 346,373,374) (S 547,520,550) (S 631,550,497) (S 139,139,139) (S 772,524,123) (S 487,524,21) (S 246,246,246) (S 540,246,506) (S 699,506,96) (S 32,32,32) (D 572,1,1)
0 1 62 1996 11285 16 (D 572,1,1) (S 300,304,305) (S 499,305,529) (S 501,20,530) (S 892,20,152) (S 560,20,47) (S 616,47,61) (S 570,509,551) (S 535,551,39) (S 569,509,39) (S 530,35,36) (S 646,251,73) (S 524,546,121) (S 577,45,568) (S 308,318,193) (D 572,1,1)
0 1 63 1986 9184 16 (D 572,1,1) (S 556,35,45) (S 453,39,503) (S 932,504,164) (S 958,504,665) (S 959,665,282) (S 886,537,665) (S 513,537,538) (S 1022,538,193) (S 601,538,318) (S 591,549,34) (S 614,34,40) (S 301,33,34) (S 777,549,318) (S 12,12,12) (D 572,1,1)
0 1 64 1998 10386 17 (D 572,1,1) (S 538,40,321) (S 463,15,323) (S 522,316,247) (S 781,247,310) (S 515,515,28) (S 467,514,28) (S 644,510,245) (S 460,502,510) (S 504,514,500) (S 475,500,28) (S 27,27,27) (S 512,507,537) (S 462,507,8) (S 296,297,12) (S 142,142,142) (D 572,1,1)
0 1 65 1999 12231 19 (D 572,1,1) (S 452,501,502) (S 526,501,549) (S 516,501,245) (S 485,502,27) (S 480,8,27) (S 244,244,244) (S 476,244,297) (S 295,295,296) (S 640,306,250) (S 250,250,250) (S 529,296,306) (S 510,295,12) (S 456,244,16) (S 478,244,8) (S 25,25,25) (S 306,314,315) (S 299,302,303) (D 572,1,1)
0 1 66 1974 12908 18 (D 572,1,1) (S 492,516,316) (S 469,515,499) (S 451,499,500) (S 520,515,31) (S 508,499,25) (S 514,25,539) (S 596,539,55) (S 597,32,55) (S 572,32,314) (S 573,11,314) (S 481,315,302) (S 17,17,17) (S 494,298,17) (S 297,298,299) (S 158,158,158) (S 302,306,307) (D 572,1,1)
0 1 67 1976 13351 15 (D 572,1,1) (S 454,504,503) (S 458,507,508) (S 468,508,142) (S 450,250,142) (S 579,9,307) (S 495,9,18) (S 496,18,528) (S 527,18,158) (S 479,9,19) (S 486,299,19) (S 509,17,303) (S 521,300,246) (S 483,301,11) (D 572,1,1)
0 1 68 1520 18813 12 (D 572,1,1) (S 603,309,562) (S 448,494,497) (S 960,497,139) (S 500,524,139) (S 539,21,300) (S 457,302,506) (S 528,32,550) (S 578,520,539) (S 493,16,500) (S 498,508,503) (D 572,1,1)
