1906
7
0
14
0 1 1 150 263 43 (D 1,1,1) (S 75,1,6) (S 108,12,13) (S 10,13,13) (S 78,13,12) (S 102,12,20) (S 167,20,12) (S 121,13,14) (S 154,14,15) (S 115,15,14) (S 11,14,14) (S 129,14,13) (S 159,13,7) (S 5,7,7) (S 6,8,8) (S 92,8,9) (S 132,9,8) (S 164,8,7) (S 85,7,8) (S 104,7,2) (S 158,2,7) (S 98,7,13) (S 125,15,16) (S 100,16,15) (S 174,15,9) (S 148,9,16) (S 118,16,24) (S 162,24,25) (S 141,25,24) (S 151,24,16) (S 53,15,23) (S 18,22,22) (S 43,22,23) (S 96,31,37) (S 172,37,31) (S 94,31,32) (S 23,28,28) (S 50,28,32) (S 25,32,32) (S 67,32,37) (S 30,37,37) (S 166,37,38) (D 1,1,1)
0 1 2 150 269 41 (D 1,1,1) (S 139,6,7) (S 171,7,6) (S 56,6,12) (S 9,11,11) (S 160,19,26) (S 93,30,34) (S 83,34,30) (S 111,26,19) (S 147,19,20) (S 152,20,19) (S 15,19,19) (S 69,26,30) (S 114,40,47) (S 37,47,47) (S 119,47,40) (S 32,40,40) (S 117,40,34) (S 146,34,40) (S 27,34,34) (S 58,34,35) (S 28,35,35) (S 34,42,42) (S 175,42,44) (S 36,44,44) (S 161,44,42) (S 29,36,36) (S 145,36,37) (S 31,38,38) (S 156,38,43) (S 134,43,37) (S 168,28,38) (S 64,43,45) (S 127,45,50) (S 40,50,50) (S 84,50,45) (S 87,43,38) (S 91,38,37) (S 82,23,24) (S 12,15,15) (D 1,1,1)
0 1 3 148 294 30 (D 1,1,1) (S 142,1,5) (S 149,5,11) (S 63,11,12) (S 16,20,20) (S 133,21,13) (S 107,13,6) (S 4,6,6) (S 97,11,5) (S 126,5,1) (S 90,1,2) (S 61,2,3) (S 2,3,3) (S 77,3,9) (S 62,9,10) (S 79,10,4) (S 99,4,10) (S 8,10,10) (S 76,10,17) (S 13,17,17) (S 143,17,25) (S 73,25,28) (S 20,25,25) (S 60,24,32) (S 122,24,23) (S 169,22,21) (S 173,21,22) (S 95,16,9) (S 144,2,1) (D 1,1,1)
0 1 4 148 311 36 (D 1,1,1) (S 47,11,19) (S 70,26,29) (S 157,29,18) (S 124,18,19) (S 72,26,34) (S 137,34,33) (S 170,33,40) (S 163,40,33) (S 176,33,34) (S 33,41,41) (S 41,41,48) (S 155,48,47) (S 131,47,48) (S 138,41,35) (S 65,35,36) (S 42,36,42) (S 89,42,41) (S 109,41,42) (S 153,44,49) (S 39,49,49) (S 165,49,41) (S 54,40,41) (S 128,0,50) (S 130,50,44) (S 88,49,44) (S 59,0,35) (S 120,35,27) (S 22,27,27) (S 46,27,30) (S 71,33,39) (S 66,33,46) (S 105,46,47) (S 38,48,48) (S 136,48,49) (D 1,1,1)
0 1 5 150 403 24 (D 1,1,1) (S 48,20,21) (S 17,21,21) (S 110,21,27) (S 86,27,35) (S 74,29,39) (S 177,18,26) (S 68,29,33) (S 140,27,36) (S 106,36,27) (S 45,27,31) (S 123,8,14) (S 44,14,22) (S 55,23,31) (S 103,31,22) (S 52,16,17) (S 150,43,42) (S 116,38,28) (S 49,38,45) (S 57,43,50) (S 81,38,32) (S 112,3,4) (S 135,5,18) (D 1,1,1)
0 1 6 150 249 13 (D 1,1,1) (S 3,5,5) (S 51,20,30) (S 21,26,26) (S 80,18,29) (S 14,18,18) (S 178,18,5) (S 101,5,6) (S 1,2,2) (S 7,9,9) (S 19,24,24) (S 35,43,43) (D 1,1,1)
0 1 7 56 117 5 (D 1,1,1) (S 24,29,29) (S 26,33,33) (S 113,49,50) (D 1,1,1)
