2098
6
0
38
0 1 1 190 338 49 (D 1,1,1) (S 71,1,6) (S 81,13,12) (S 9,11,11) (S 101,18,19) (S 17,19,19) (S 173,19,18) (S 28,30,30) (S 179,30,27) (S 135,27,30) (S 172,27,21) (S 19,21,21) (S 11,13,13) (S 88,13,14) (S 107,14,15) (S 110,15,14) (S 120,15,16) (S 117,16,15) (S 13,15,15) (S 93,15,9) (S 96,9,15) (S 176,15,23) (S 29,31,31) (S 147,31,22) (S 154,22,23) (S 21,23,23) (S 70,23,31) (S 115,31,27) (S 32,35,35) (S 37,40,40) (S 119,40,47) (S 159,47,40) (S 52,41,48) (S 90,41,40) (S 168,40,41) (S 54,41,49) (S 127,42,44) (S 38,42,42) (S 33,36,36) (S 124,36,37) (S 111,32,28) (S 26,28,28) (S 144,28,32) (S 105,32,31) (S 89,22,31) (S 128,22,21) (S 132,21,13) (S 123,12,11) (D 1,1,1)
0 1 2 190 345 39 (D 1,1,1) (S 82,6,13) (S 10,12,12) (S 155,12,13) (S 165,13,6) (S 150,6,12) (S 166,12,6) (S 171,7,2) (S 102,2,7) (S 50,7,8) (S 63,8,14) (S 12,14,14) (S 152,14,13) (S 18,20,20) (S 95,20,19) (S 106,26,29) (S 27,29,29) (S 116,29,26) (S 141,26,19) (S 140,19,20) (S 139,20,21) (S 94,21,22) (S 180,22,14) (S 134,14,22) (S 20,22,22) (S 14,16,16) (S 56,16,24) (S 22,24,24) (S 23,25,25) (S 64,25,28) (S 46,43,45) (S 41,45,45) (S 114,43,37) (S 146,37,31) (S 109,27,35) (S 125,34,30) (S 136,27,31) (S 112,34,33) (D 1,1,1)
0 1 3 189 339 33 (D 1,1,1) (S 3,5,5) (S 133,5,11) (S 91,11,5) (S 121,5,18) (S 158,18,26) (S 153,26,30) (S 62,27,36) (S 138,36,42) (S 142,44,42) (S 157,42,36) (S 148,37,43) (S 131,45,50) (S 126,50,45) (S 160,43,42) (S 100,42,43) (S 68,43,50) (S 40,44,44) (S 58,44,49) (S 178,49,48) (S 43,47,47) (S 72,47,48) (S 60,41,42) (S 78,44,50) (S 35,38,38) (S 65,38,43) (S 39,43,43) (S 47,38,45) (S 73,32,37) (S 34,37,37) (S 74,32,38) (S 103,38,37) (D 1,1,1)
0 1 4 190 383 32 (D 1,1,1) (S 57,12,20) (S 80,26,18) (S 16,18,18) (S 149,26,34) (S 130,34,40) (S 36,39,39) (S 104,33,34) (S 59,34,35) (S 48,35,36) (S 76,35,41) (S 122,35,27) (S 31,34,34) (S 162,34,26) (S 161,29,39) (S 170,39,29) (S 24,26,26) (S 83,18,29) (S 45,33,40) (S 42,46,46) (S 77,46,47) (S 49,33,39) (S 92,33,29) (S 137,18,5) (S 164,11,12) (S 84,11,19) (S 51,6,7) (S 167,7,13) (S 69,8,9) (S 1,3,3) (S 113,3,9) (D 1,1,1)
0 1 5 187 449 29 (D 1,1,1) (S 85,1,5) (S 174,6,5) (S 75,9,16) (S 108,24,25) (S 15,17,17) (S 8,10,10) (S 98,10,4) (S 156,4,10) (S 163,10,9) (S 177,9,3) (S 175,3,2) (S 5,7,7) (S 99,2,3) (S 169,9,10) (S 143,4,3) (S 7,9,9) (S 6,8,8) (S 66,16,17) (S 67,17,25) (S 79,32,24) (S 86,24,32) (S 30,32,32) (S 151,24,23) (S 61,0,42) (S 129,0,21) (S 87,20,30) (S 145,49,50) (D 1,1,1)
0 1 6 126 244 10 (D 1,1,1) (S 53,1,2) (S 25,27,27) (S 55,33,46) (S 44,49,49) (S 97,28,38) (S 118,17,10) (S 2,4,4) (S 4,6,6) (D 1,1,1)
