168451
1897
71
198
0 1 1 494 494 3 (D 0,1,1) (S 1,1,1) (D 0,1,1)
0 1 2 190 190 3 (D 0,1,1) (S 2,2,2) (D 0,1,1)
0 1 3 318 318 3 (D 0,1,1) (S 3,5,5) (D 0,1,1)
0 1 4 239 239 3 (D 0,1,1) (S 4,6,6) (D 0,1,1)
0 1 5 470 470 3 (D 0,1,1) (S 5,7,7) (D 0,1,1)
0 1 6 277 277 3 (D 0,1,1) (S 6,8,8) (D 0,1,1)
0 1 7 245 245 3 (D 0,1,1) (S 7,11,11) (D 0,1,1)
0 1 8 63 63 3 (D 0,1,1) (S 8,14,14) (D 0,1,1)
0 1 9 433 433 3 (D 0,1,1) (S 9,15,15) (D 0,1,1)
0 1 10 71 71 3 (D 0,1,1) (S 10,18,18) (D 0,1,1)
0 1 11 377 377 3 (D 0,1,1) (S 11,19,19) (D 0,1,1)
0 1 12 59 59 3 (D 0,1,1) (S 12,21,21) (D 0,1,1)
0 1 13 235 235 3 (D 0,1,1) (S 13,24,24) (D 0,1,1)
0 1 14 90 90 3 (D 0,1,1) (S 14,27,27) (D 0,1,1)
0 1 15 235 235 3 (D 0,1,1) (S 15,28,28) (D 0,1,1)
0 1 16 377 377 3 (D 0,1,1) (S 16,30,30) (D 0,1,1)
0 1 17 344 344 3 (D 0,1,1) (S 17,33,33) (D 0,1,1)
0 1 18 229 229 3 (D 0,1,1) (S 18,37,37) (D 0,1,1)
0 1 19 334 334 3 (D 0,1,1) (S 19,39,39) (D 0,1,1)
0 1 20 354 354 3 (D 0,1,1) (S 20,40,40) (D 0,1,1)
0 1 21 363 363 3 (D 0,1,1) (S 21,41,41) (D 0,1,1)
0 1 22 276 276 3 (D 0,1,1) (S 22,42,42) (D 0,1,1)
0 1 23 367 367 3 (D 0,1,1) (S 23,45,45) (D 0,1,1)
0 1 24 309 309 3 (D 0,1,1) (S 24,46,46) (D 0,1,1)
0 1 25 105 105 3 (D 0,1,1) (S 25,47,47) (D 0,1,1)
0 1 26 438 438 3 (D 0,1,1) (S 26,49,49) (D 0,1,1)
0 1 27 232 232 3 (D 0,1,1) (S 27,51,51) (D 0,1,1)
0 1 28 436 436 3 (D 0,1,1) (S 28,52,52) (D 0,1,1)
0 1 29 374 374 3 (D 0,1,1) (S 29,53,53) (D 0,1,1)
0 1 30 447 447 3 (D 0,1,1) (S 30,54,54) (D 0,1,1)
0 1 31 296 296 3 (D 0,1,1) (S 31,58,58) (D 0,1,1)
0 1 32 457 457 3 (D 0,1,1) (S 32,62,62) (D 0,1,1)
0 1 33 114 114 3 (D 0,1,1) (S 33,63,63) (D 0,1,1)
0 1 34 432 432 3 (D 0,1,1) (S 34,66,66) (D 0,1,1)
0 1 35 463 463 3 (D 0,1,1) (S 35,68,68) (D 0,1,1)
0 1 36 390 390 3 (D 0,1,1) (S 36,71,71) (D 0,1,1)
0 1 37 201 220 3 (D 0,1,1) (S 37,1,2) (D 0,1,1)
0 1 38 168 189 3 (D 0,1,1) (S 38,2,3) (D 0,1,1)
0 1 39 298 316 3 (D 0,1,1) (S 39,2,17) (D 0,1,1)
0 1 40 154 192 3 (D 0,1,1) (S 40,3,4) (D 0,1,1)
0 1 41 113 135 3 (D 0,1,1) (S 41,3,18) (D 0,1,1)
0 1 42 37 54 3 (D 0,1,1) (S 42,4,5) (D 0,1,1)
0 1 43 124 142 3 (D 0,1,1) (S 43,5,6) (D 0,1,1)
0 1 44 251 291 3 (D 0,1,1) (S 44,6,7) (D 0,1,1)
0 1 45 44 73 3 (D 0,1,1) (S 45,6,20) (D 0,1,1)
0 1 46 221 237 3 (D 0,1,1) (S 46,6,21) (D 0,1,1)
0 1 47 111 130 3 (D 0,1,1) (S 47,8,9) (D 0,1,1)
0 1 48 323 345 3 (D 0,1,1) (S 48,9,10) (D 0,1,1)
0 1 49 81 99 3 (D 0,1,1) (S 49,10,11) (D 0,1,1)
0 1 50 62 79 3 (D 0,1,1) (S 50,11,12) (D 0,1,1)
0 1 51 164 184 3 (D 0,1,1) (S 51,12,13) (D 0,1,1)
0 1 52 64 85 3 (D 0,1,1) (S 52,12,28) (D 0,1,1)
0 1 53 317 337 3 (D 0,1,1) (S 53,13,14) (D 0,1,1)
0 1 54 269 289 3 (D 0,1,1) (S 54,14,15) (D 0,1,1)
0 1 55 240 259 3 (D 0,1,1) (S 55,14,30) (D 0,1,1)
0 1 56 207 227 3 (D 0,1,1) (S 56,15,31) (D 0,1,1)
0 1 57 34 53 3 (D 0,1,1) (S 57,16,1) (D 0,1,1)
0 1 58 319 343 3 (D 0,1,1) (S 58,16,32) (D 0,1,1)
0 1 59 128 148 3 (D 0,1,1) (S 59,17,16) (D 0,1,1)
0 1 60 169 188 3 (D 0,1,1) (S 60,18,17) (D 0,1,1)
0 1 61 102 122 3 (D 0,1,1) (S 61,19,4) (D 0,1,1)
0 1 62 205 227 3 (D 0,1,1) (S 62,19,35) (D 0,1,1)
0 1 63 276 297 3 (D 0,1,1) (S 63,20,5) (D 0,1,1)
0 1 64 21 40 3 (D 0,1,1) (S 64,20,19) (D 0,1,1)
0 1 65 240 267 3 (D 0,1,1) (S 65,20,35) (D 0,1,1)
0 1 66 323 343 3 (D 0,1,1) (S 66,21,20) (D 0,1,1)
0 1 67 65 86 3 (D 0,1,1) (S 67,21,37) (D 0,1,1)
0 1 68 317 337 3 (D 0,1,1) (S 68,22,21) (D 0,1,1)
0 1 69 375 393 3 (D 0,1,1) (S 69,22,23) (D 0,1,1)
0 1 70 289 308 3 (D 0,1,1) (S 70,23,7) (D 0,1,1)
0 1 71 102 122 3 (D 0,1,1) (S 71,23,39) (D 0,1,1)
0 1 72 285 306 3 (D 0,1,1) (S 72,24,8) (D 0,1,1)
0 1 73 323 351 3 (D 0,1,1) (S 73,24,9) (D 0,1,1)
0 1 74 332 357 3 (D 0,1,1) (S 74,24,39) (D 0,1,1)
0 1 75 376 397 3 (D 0,1,1) (S 75,25,9) (D 0,1,1)
0 1 76 76 93 3 (D 0,1,1) (S 76,25,41) (D 0,1,1)
0 1 77 312 333 3 (D 0,1,1) (S 77,26,10) (D 0,1,1)
0 1 78 82 102 3 (D 0,1,1) (S 78,26,25) (D 0,1,1)
0 1 79 287 308 3 (D 0,1,1) (S 79,26,42) (D 0,1,1)
0 1 80 333 351 3 (D 0,1,1) (S 80,27,11) (D 0,1,1)
0 1 81 208 222 3 (D 0,1,1) (S 81,27,26) (D 0,1,1)
0 1 82 356 376 3 (D 0,1,1) (S 82,27,43) (D 0,1,1)
0 1 83 90 109 3 (D 0,1,1) (S 83,28,27) (D 0,1,1)
0 1 84 21 39 3 (D 0,1,1) (S 84,29,13) (D 0,1,1)
0 1 85 372 391 3 (D 0,1,1) (S 85,29,28) (D 0,1,1)
0 1 86 230 252 3 (D 0,1,1) (S 86,30,29) (D 0,1,1)
0 1 87 398 413 3 (D 0,1,1) (S 87,31,30) (D 0,1,1)
0 1 88 315 334 3 (D 0,1,1) (S 88,32,33) (D 0,1,1)
0 1 89 252 288 3 (D 0,1,1) (S 89,32,59) (D 0,1,1)
0 1 90 168 190 3 (D 0,1,1) (S 90,33,34) (D 0,1,1)
0 1 91 198 215 3 (D 0,1,1) (S 91,34,18) (D 0,1,1)
0 1 92 143 162 3 (D 0,1,1) (S 92,34,48) (D 0,1,1)
0 1 93 134 172 3 (D 0,1,1) (S 93,35,34) (D 0,1,1)
0 1 94 236 254 3 (D 0,1,1) (S 94,36,20) (D 0,1,1)
0 1 95 313 336 3 (D 0,1,1) (S 95,36,35) (D 0,1,1)
0 1 96 370 388 3 (D 0,1,1) (S 96,36,37) (D 0,1,1)
0 1 97 213 231 3 (D 0,1,1) (S 97,37,38) (D 0,1,1)
0 1 98 58 81 3 (D 0,1,1) (S 98,38,52) (D 0,1,1)
0 1 99 48 72 3 (D 0,1,1) (S 99,39,22) (D 0,1,1)
0 1 100 61 81 3 (D 0,1,1) (S 100,39,23) (D 0,1,1)
0 1 101 55 75 3 (D 0,1,1) (S 101,39,38) (D 0,1,1)
0 1 102 325 353 3 (D 0,1,1) (S 102,39,52) (D 0,1,1)
0 1 103 296 315 3 (D 0,1,1) (S 103,40,24) (D 0,1,1)
0 1 104 78 98 3 (D 0,1,1) (S 104,40,39) (D 0,1,1)
0 1 105 75 94 3 (D 0,1,1) (S 105,41,40) (D 0,1,1)
0 1 106 18 46 3 (D 0,1,1) (S 106,41,54) (D 0,1,1)
0 1 107 248 264 3 (D 0,1,1) (S 107,41,55) (D 0,1,1)
0 1 108 241 268 3 (D 0,1,1) (S 108,41,56) (D 0,1,1)
0 1 109 379 397 3 (D 0,1,1) (S 109,42,41) (D 0,1,1)
0 1 110 199 219 3 (D 0,1,1) (S 110,42,43) (D 0,1,1)
0 1 111 337 379 3 (D 0,1,1) (S 111,43,69) (D 0,1,1)
0 1 112 126 145 3 (D 0,1,1) (S 112,44,28) (D 0,1,1)
0 1 113 328 349 3 (D 0,1,1) (S 113,44,45) (D 0,1,1)
0 1 114 255 276 3 (D 0,1,1) (S 114,45,29) (D 0,1,1)
0 1 115 226 247 3 (D 0,1,1) (S 115,45,44) (D 0,1,1)
0 1 116 326 344 3 (D 0,1,1) (S 116,45,46) (D 0,1,1)
0 1 117 40 60 3 (D 0,1,1) (S 117,45,57) (D 0,1,1)
0 1 118 389 409 3 (D 0,1,1) (S 118,46,30) (D 0,1,1)
0 1 119 173 193 3 (D 0,1,1) (S 119,46,47) (D 0,1,1)
0 1 120 172 191 3 (D 0,1,1) (S 120,47,31) (D 0,1,1)
0 1 121 100 121 3 (D 0,1,1) (S 121,47,58) (D 0,1,1)
0 1 122 302 321 3 (D 0,1,1) (S 122,48,34) (D 0,1,1)
0 1 123 364 402 3 (D 0,1,1) (S 123,48,49) (D 0,1,1)
0 1 124 63 81 3 (D 0,1,1) (S 124,49,35) (D 0,1,1)
0 1 125 131 151 3 (D 0,1,1) (S 125,49,50) (D 0,1,1)
0 1 126 311 331 3 (D 0,1,1) (S 126,50,36) (D 0,1,1)
0 1 127 101 129 3 (D 0,1,1) (S 127,50,37) (D 0,1,1)
0 1 128 189 207 3 (D 0,1,1) (S 128,50,51) (D 0,1,1)
0 1 129 217 234 3 (D 0,1,1) (S 129,51,37) (D 0,1,1)
0 1 130 176 197 3 (D 0,1,1) (S 130,51,63) (D 0,1,1)
0 1 131 380 400 3 (D 0,1,1) (S 131,52,51) (D 0,1,1)
0 1 132 352 369 3 (D 0,1,1) (S 132,52,53) (D 0,1,1)
0 1 133 387 408 3 (D 0,1,1) (S 133,53,39) (D 0,1,1)
0 1 134 334 351 3 (D 0,1,1) (S 134,53,52) (D 0,1,1)
0 1 135 151 168 3 (D 0,1,1) (S 135,53,54) (D 0,1,1)
0 1 136 351 368 3 (D 0,1,1) (S 136,54,40) (D 0,1,1)
0 1 137 252 280 3 (D 0,1,1) (S 137,54,41) (D 0,1,1)
0 1 138 321 344 3 (D 0,1,1) (S 138,54,55) (D 0,1,1)
0 1 139 140 163 3 (D 0,1,1) (S 139,54,65) (D 0,1,1)
0 1 140 190 206 3 (D 0,1,1) (S 140,54,66) (D 0,1,1)
0 1 141 38 61 3 (D 0,1,1) (S 141,55,67) (D 0,1,1)
0 1 142 236 255 3 (D 0,1,1) (S 142,56,42) (D 0,1,1)
0 1 143 319 339 3 (D 0,1,1) (S 143,57,45) (D 0,1,1)
0 1 144 347 363 3 (D 0,1,1) (S 144,57,70) (D 0,1,1)
0 1 145 351 389 3 (D 0,1,1) (S 145,58,57) (D 0,1,1)
0 1 146 97 137 3 (D 0,1,1) (S 146,59,60) (D 0,1,1)
0 1 147 88 109 3 (D 0,1,1) (S 147,60,48) (D 0,1,1)
0 1 148 226 245 3 (D 0,1,1) (S 148,61,49) (D 0,1,1)
0 1 149 298 325 3 (D 0,1,1) (S 149,61,50) (D 0,1,1)
0 1 150 363 402 3 (D 0,1,1) (S 150,61,60) (D 0,1,1)
0 1 151 229 248 3 (D 0,1,1) (S 151,61,62) (D 0,1,1)
0 1 152 326 339 3 (D 0,1,1) (S 152,62,50) (D 0,1,1)
0 1 153 76 95 3 (D 0,1,1) (S 153,62,61) (D 0,1,1)
0 1 154 227 248 3 (D 0,1,1) (S 154,63,51) (D 0,1,1)
0 1 155 267 291 3 (D 0,1,1) (S 155,63,52) (D 0,1,1)
0 1 156 233 252 3 (D 0,1,1) (S 156,63,62) (D 0,1,1)
0 1 157 191 209 3 (D 0,1,1) (S 157,63,64) (D 0,1,1)
0 1 158 153 173 3 (D 0,1,1) (S 158,64,65) (D 0,1,1)
0 1 159 242 258 3 (D 0,1,1) (S 159,65,53) (D 0,1,1)
0 1 160 259 282 3 (D 0,1,1) (S 160,65,54) (D 0,1,1)
0 1 161 29 46 3 (D 0,1,1) (S 161,66,65) (D 0,1,1)
0 1 162 255 277 3 (D 0,1,1) (S 162,67,66) (D 0,1,1)
0 1 163 95 111 3 (D 0,1,1) (S 163,67,68) (D 0,1,1)
0 1 164 317 336 3 (D 0,1,1) (S 164,68,56) (D 0,1,1)
0 1 165 132 160 3 (D 0,1,1) (S 165,69,56) (D 0,1,1)
0 1 166 237 255 3 (D 0,1,1) (S 166,69,68) (D 0,1,1)
0 1 167 371 409 3 (D 0,1,1) (S 167,70,69) (D 0,1,1)
0 1 168 269 307 3 (D 0,1,1) (S 168,70,71) (D 0,1,1)
0 1 169 102 117 3 (D 0,1,1) (S 169,71,58) (D 0,1,1)
0 1 170 2 2 3 (D 0,1,1) (S 170,3,3) (D 0,1,1)
0 1 171 17 17 3 (D 0,1,1) (S 171,5,5) (D 0,1,1)
0 1 172 11 11 3 (D 0,1,1) (S 172,6,6) (D 0,1,1)
0 1 173 11 11 3 (D 0,1,1) (S 173,7,7) (D 0,1,1)
0 1 174 8 8 3 (D 0,1,1) (S 174,9,9) (D 0,1,1)
0 1 175 4 4 3 (D 0,1,1) (S 175,10,10) (D 0,1,1)
0 1 176 5 5 3 (D 0,1,1) (S 176,11,11) (D 0,1,1)
0 1 177 8 8 3 (D 0,1,1) (S 177,12,12) (D 0,1,1)
0 1 178 17 17 3 (D 0,1,1) (S 178,13,13) (D 0,1,1)
0 1 179 10 10 3 (D 0,1,1) (S 179,14,14) (D 0,1,1)
0 1 180 17 17 3 (D 0,1,1) (S 180,15,15) (D 0,1,1)
0 1 181 13 13 3 (D 0,1,1) (S 181,16,16) (D 0,1,1)
0 1 182 7 7 3 (D 0,1,1) (S 182,17,17) (D 0,1,1)
0 1 183 16 16 3 (D 0,1,1) (S 183,19,19) (D 0,1,1)
0 1 184 2 2 3 (D 0,1,1) (S 184,20,20) (D 0,1,1)
0 1 185 2 2 3 (D 0,1,1) (S 185,21,21) (D 0,1,1)
0 1 186 6 6 3 (D 0,1,1) (S 186,22,22) (D 0,1,1)
0 1 187 3 3 3 (D 0,1,1) (S 187,23,23) (D 0,1,1)
0 1 188 3 3 3 (D 0,1,1) (S 188,24,24) (D 0,1,1)
0 1 189 3 3 3 (D 0,1,1) (S 189,25,25) (D 0,1,1)
0 1 190 6 6 3 (D 0,1,1) (S 190,26,26) (D 0,1,1)
0 1 191 14 14 3 (D 0,1,1) (S 191,28,28) (D 0,1,1)
0 1 192 20 20 3 (D 0,1,1) (S 192,29,29) (D 0,1,1)
0 1 193 11 11 3 (D 0,1,1) (S 193,30,30) (D 0,1,1)
0 1 194 4 4 3 (D 0,1,1) (S 194,32,32) (D 0,1,1)
0 1 195 2 2 3 (D 0,1,1) (S 195,33,33) (D 0,1,1)
0 1 196 12 12 3 (D 0,1,1) (S 196,34,34) (D 0,1,1)
0 1 197 12 12 3 (D 0,1,1) (S 197,35,35) (D 0,1,1)
0 1 198 1 1 3 (D 0,1,1) (S 198,36,36) (D 0,1,1)
0 1 199 17 17 3 (D 0,1,1) (S 199,38,38) (D 0,1,1)
0 1 200 5 5 3 (D 0,1,1) (S 200,39,39) (D 0,1,1)
0 1 201 10 10 3 (D 0,1,1) (S 201,40,40) (D 0,1,1)
0 1 202 6 6 3 (D 0,1,1) (S 202,41,41) (D 0,1,1)
0 1 203 5 5 3 (D 0,1,1) (S 203,42,42) (D 0,1,1)
0 1 204 10 10 3 (D 0,1,1) (S 204,43,43) (D 0,1,1)
0 1 205 21 21 3 (D 0,1,1) (S 205,45,45) (D 0,1,1)
0 1 206 8 8 3 (D 0,1,1) (S 206,49,49) (D 0,1,1)
0 1 207 13 13 3 (D 0,1,1) (S 207,1,10) (D 0,1,1)
0 1 208 10 10 3 (D 0,1,1) (S 208,48,49) (D 0,1,1)
0 1 209 8 8 3 (D 0,1,1) (S 209,14,22) (D 0,1,1)
0 1 210 4 4 3 (D 0,1,1) (S 210,2,5) (D 0,1,1)
0 1 211 6 6 3 (D 0,1,1) (S 211,6,11) (D 0,1,1)
0 1 212 4 4 3 (D 0,1,1) (S 212,15,24) (D 0,1,1)
0 1 213 8 8 3 (D 0,1,1) (S 213,10,17) (D 0,1,1)
0 1 214 8 8 3 (D 0,1,1) (S 214,37,44) (D 0,1,1)
0 1 215 7 7 3 (D 0,1,1) (S 215,31,32) (D 0,1,1)
0 1 216 5 5 3 (D 0,1,1) (S 216,26,27) (D 0,1,1)
0 1 217 4 4 3 (D 0,1,1) (S 217,46,50) (D 0,1,1)
0 1 218 4 4 3 (D 0,1,1) (S 218,35,36) (D 0,1,1)
0 1 219 14 14 3 (D 0,1,1) (S 219,39,47) (D 0,1,1)
0 1 220 7 7 3 (D 0,1,1) (S 220,38,39) (D 0,1,1)
0 1 221 7 7 3 (D 0,1,1) (S 221,3,6) (D 0,1,1)
0 1 222 6 6 3 (D 0,1,1) (S 222,3,4) (D 0,1,1)
0 1 223 7 7 3 (D 0,1,1) (S 223,1,9) (D 0,1,1)
0 1 224 6 6 3 (D 0,1,1) (S 224,31,39) (D 0,1,1)
0 1 225 4 4 3 (D 0,1,1) (S 225,25,33) (D 0,1,1)
0 1 226 12 12 3 (D 0,1,1) (S 226,17,24) (D 0,1,1)
0 1 227 12 12 3 (D 0,1,1) (S 227,43,48) (D 0,1,1)
0 1 228 4 4 3 (D 0,1,1) (S 228,41,42) (D 0,1,1)
0 1 229 5 5 3 (D 0,1,1) (S 229,39,40) (D 0,1,1)
0 1 230 3 3 3 (D 0,1,1) (S 230,45,50) (D 0,1,1)
0 1 231 3 3 3 (D 0,1,1) (S 231,24,23) (D 0,1,1)
0 1 232 14 14 3 (D 0,1,1) (S 232,43,35) (D 0,1,1)
0 1 233 5 5 3 (D 0,1,1) (S 233,8,9) (D 0,1,1)
0 1 234 4 4 3 (D 0,1,1) (S 234,45,49) (D 0,1,1)
0 1 235 4 4 3 (D 0,1,1) (S 235,50,45) (D 0,1,1)
0 1 236 10 10 3 (D 0,1,1) (S 236,36,44) (D 0,1,1)
0 1 237 2 2 3 (D 0,1,1) (S 237,20,21) (D 0,1,1)
0 1 238 5 5 3 (D 0,1,1) (S 238,33,41) (D 0,1,1)
0 1 239 2 2 3 (D 0,1,1) (S 239,38,36) (D 0,1,1)
0 1 240 8 8 3 (D 0,1,1) (S 240,31,17) (D 0,1,1)
0 1 241 1 1 3 (D 0,1,1) (S 241,2,3) (D 0,1,1)
0 1 242 4 4 3 (D 0,1,1) (S 242,1,15) (D 0,1,1)
0 1 243 4 4 3 (D 0,1,1) (S 243,23,22) (D 0,1,1)
0 1 244 5 5 3 (D 0,1,1) (S 244,18,11) (D 0,1,1)
0 1 245 2 2 3 (D 0,1,1) (S 245,18,17) (D 0,1,1)
0 1 246 2 2 3 (D 0,1,1) (S 246,23,24) (D 0,1,1)
0 1 247 1 1 3 (D 0,1,1) (S 247,17,18) (D 0,1,1)
0 1 248 5 5 3 (D 0,1,1) (S 248,40,39) (D 0,1,1)
0 1 249 4 4 3 (D 0,1,1) (S 249,26,25) (D 0,1,1)
0 1 250 4 4 3 (D 0,1,1) (S 250,23,28) (D 0,1,1)
0 1 251 5 5 3 (D 0,1,1) (S 251,24,30) (D 0,1,1)
0 1 252 4 4 3 (D 0,1,1) (S 252,50,49) (D 0,1,1)
0 1 253 4 4 3 (D 0,1,1) (S 253,21,26) (D 0,1,1)
0 1 254 2 2 3 (D 0,1,1) (S 254,30,29) (D 0,1,1)
0 1 255 1 1 3 (D 0,1,1) (S 255,27,28) (D 0,1,1)
0 1 256 3 3 3 (D 0,1,1) (S 256,21,20) (D 0,1,1)
0 1 257 4 4 3 (D 0,1,1) (S 257,11,18) (D 0,1,1)
0 1 258 6 6 3 (D 0,1,1) (S 258,1,16) (D 0,1,1)
0 1 259 5 5 3 (D 0,1,1) (S 259,22,13) (D 0,1,1)
0 1 260 4 4 3 (D 0,1,1) (S 260,5,6) (D 0,1,1)
0 1 261 3 3 3 (D 0,1,1) (S 261,4,7) (D 0,1,1)
0 1 262 7 7 3 (D 0,1,1) (S 262,17,30) (D 0,1,1)
0 1 263 12 12 3 (D 0,1,1) (S 263,13,9) (D 0,1,1)
0 1 264 4 4 3 (D 0,1,1) (S 264,22,23) (D 0,1,1)
0 1 265 2 2 3 (D 0,1,1) (S 265,18,19) (D 0,1,1)
0 1 266 2 2 3 (D 0,1,1) (S 266,21,22) (D 0,1,1)
0 1 267 2 2 3 (D 0,1,1) (S 267,2,2) (D 0,1,1)
0 1 268 5 5 3 (D 0,1,1) (S 268,3,3) (D 0,1,1)
0 1 269 1 1 3 (D 0,1,1) (S 269,4,4) (D 0,1,1)
0 1 270 3 3 3 (D 0,1,1) (S 270,7,7) (D 0,1,1)
0 1 271 1 1 3 (D 0,1,1) (S 271,11,12) (D 0,1,1)
0 1 272 1 1 3 (D 0,1,1) (S 272,7,5) (D 0,1,1)
0 1 273 1 1 3 (D 0,1,1) (S 273,4,1) (D 0,1,1)
0 1 274 1 1 3 (D 0,1,1) (S 274,1,8) (D 0,1,1)
0 1 275 2 2 3 (D 0,1,1) (S 275,6,11) (D 0,1,1)
0 1 276 1 1 3 (D 0,1,1) (S 276,2,1) (D 0,1,1)
0 1 277 2 2 3 (D 0,1,1) (S 277,8,9) (D 0,1,1)
0 1 278 1 1 3 (D 0,1,1) (S 278,1,10) (D 0,1,1)
0 1 279 2 2 3 (D 0,1,1) (S 279,1,9) (D 0,1,1)
0 1 280 2 2 3 (D 0,1,1) (S 280,1,11) (D 0,1,1)
0 1 281 2 2 3 (D 0,1,1) (S 281,4,6) (D 0,1,1)
0 1 282 2 2 3 (D 0,1,1) (S 282,10,12) (D 0,1,1)
0 1 283 2 2 3 (D 0,1,1) (S 283,5,1) (D 0,1,1)
0 1 284 1 1 3 (D 0,1,1) (S 284,2,3) (D 0,1,1)
0 1 285 1 1 3 (D 0,1,1) (S 285,9,10) (D 0,1,1)
0 1 286 1 1 3 (D 0,1,1) (S 286,8,12) (D 0,1,1)
0 1 287 2 2 3 (D 0,1,1) (S 287,2,5) (D 0,1,1)
0 1 288 1 1 3 (D 0,1,1) (S 288,5,6) (D 0,1,1)
0 1 289 3 3 3 (D 0,1,1) (S 289,39,39) (D 0,1,1)
0 1 290 8 8 3 (D 0,1,1) (S 290,30,30) (D 0,1,1)
0 1 291 6 6 3 (D 0,1,1) (S 291,36,36) (D 0,1,1)
0 1 292 12 12 3 (D 0,1,1) (S 292,16,16) (D 0,1,1)
0 1 293 6 6 3 (D 0,1,1) (S 293,22,22) (D 0,1,1)
0 1 294 8 8 3 (D 0,1,1) (S 294,5,5) (D 0,1,1)
0 1 295 1 1 3 (D 0,1,1) (S 295,10,10) (D 0,1,1)
0 1 296 7 7 3 (D 0,1,1) (S 296,14,14) (D 0,1,1)
0 1 297 7 7 3 (D 0,1,1) (S 297,44,44) (D 0,1,1)
0 1 298 8 8 3 (D 0,1,1) (S 298,31,31) (D 0,1,1)
0 1 299 9 9 3 (D 0,1,1) (S 299,11,11) (D 0,1,1)
0 1 300 12 12 3 (D 0,1,1) (S 300,29,29) (D 0,1,1)
0 1 301 11 11 3 (D 0,1,1) (S 301,12,12) (D 0,1,1)
0 1 302 10 10 3 (D 0,1,1) (S 302,32,32) (D 0,1,1)
0 1 303 12 12 3 (D 0,1,1) (S 303,43,43) (D 0,1,1)
0 1 304 9 9 3 (D 0,1,1) (S 304,8,8) (D 0,1,1)
0 1 305 10 10 3 (D 0,1,1) (S 305,25,25) (D 0,1,1)
0 1 306 2 2 3 (D 0,1,1) (S 306,41,41) (D 0,1,1)
0 1 307 7 7 3 (D 0,1,1) (S 307,26,26) (D 0,1,1)
0 1 308 4 4 3 (D 0,1,1) (S 308,38,38) (D 0,1,1)
0 1 309 13 23 3 (D 0,1,1) (S 309,1,2) (D 0,1,1)
0 1 310 8 15 3 (D 0,1,1) (S 310,1,5) (D 0,1,1)
0 1 311 7 9 3 (D 0,1,1) (S 311,1,6) (D 0,1,1)
0 1 312 10 16 3 (D 0,1,1) (S 312,2,3) (D 0,1,1)
0 1 313 7 8 3 (D 0,1,1) (S 313,2,7) (D 0,1,1)
0 1 314 9 15 3 (D 0,1,1) (S 314,3,4) (D 0,1,1)
0 1 315 6 11 3 (D 0,1,1) (S 315,3,9) (D 0,1,1)
0 1 316 6 9 3 (D 0,1,1) (S 316,4,10) (D 0,1,1)
0 1 317 10 19 3 (D 0,1,1) (S 317,5,6) (D 0,1,1)
0 1 318 9 12 3 (D 0,1,1) (S 318,5,11) (D 0,1,1)
0 1 319 12 21 3 (D 0,1,1) (S 319,5,18) (D 0,1,1)
0 1 320 7 12 3 (D 0,1,1) (S 320,6,7) (D 0,1,1)
0 1 321 7 9 3 (D 0,1,1) (S 321,6,12) (D 0,1,1)
0 1 322 8 11 3 (D 0,1,1) (S 322,6,13) (D 0,1,1)
0 1 323 6 8 3 (D 0,1,1) (S 323,7,8) (D 0,1,1)
0 1 324 6 10 3 (D 0,1,1) (S 324,7,13) (D 0,1,1)
0 1 325 5 8 3 (D 0,1,1) (S 325,8,9) (D 0,1,1)
0 1 326 7 10 3 (D 0,1,1) (S 326,8,14) (D 0,1,1)
0 1 327 9 17 3 (D 0,1,1) (S 327,9,10) (D 0,1,1)
0 1 328 8 10 3 (D 0,1,1) (S 328,9,15) (D 0,1,1)
0 1 329 9 14 3 (D 0,1,1) (S 329,9,16) (D 0,1,1)
0 1 330 11 18 3 (D 0,1,1) (S 330,10,17) (D 0,1,1)
0 1 331 5 8 3 (D 0,1,1) (S 331,11,12) (D 0,1,1)
0 1 332 8 9 3 (D 0,1,1) (S 332,11,19) (D 0,1,1)
0 1 333 4 5 3 (D 0,1,1) (S 333,12,13) (D 0,1,1)
0 1 334 7 9 3 (D 0,1,1) (S 334,12,20) (D 0,1,1)
0 1 335 6 8 3 (D 0,1,1) (S 335,13,14) (D 0,1,1)
0 1 336 6 9 3 (D 0,1,1) (S 336,13,21) (D 0,1,1)
0 1 337 5 6 3 (D 0,1,1) (S 337,14,15) (D 0,1,1)
0 1 338 9 14 3 (D 0,1,1) (S 338,14,22) (D 0,1,1)
0 1 339 7 9 3 (D 0,1,1) (S 339,15,16) (D 0,1,1)
0 1 340 6 7 3 (D 0,1,1) (S 340,15,23) (D 0,1,1)
0 1 341 8 15 3 (D 0,1,1) (S 341,16,17) (D 0,1,1)
0 1 342 7 10 3 (D 0,1,1) (S 342,16,24) (D 0,1,1)
0 1 343 8 15 3 (D 0,1,1) (S 343,17,25) (D 0,1,1)
0 1 344 4 5 3 (D 0,1,1) (S 344,18,19) (D 0,1,1)
0 1 345 9 11 3 (D 0,1,1) (S 345,18,26) (D 0,1,1)
0 1 346 10 15 3 (D 0,1,1) (S 346,18,29) (D 0,1,1)
0 1 347 9 12 3 (D 0,1,1) (S 347,19,20) (D 0,1,1)
0 1 348 6 7 3 (D 0,1,1) (S 348,19,26) (D 0,1,1)
0 1 349 7 11 3 (D 0,1,1) (S 349,20,21) (D 0,1,1)
0 1 350 12 21 3 (D 0,1,1) (S 350,20,30) (D 0,1,1)
0 1 351 10 15 3 (D 0,1,1) (S 351,21,22) (D 0,1,1)
0 1 352 7 11 3 (D 0,1,1) (S 352,21,27) (D 0,1,1)
0 1 353 6 8 3 (D 0,1,1) (S 353,22,23) (D 0,1,1)
0 1 354 9 15 3 (D 0,1,1) (S 354,22,31) (D 0,1,1)
0 1 355 8 14 3 (D 0,1,1) (S 355,23,24) (D 0,1,1)
0 1 356 10 13 3 (D 0,1,1) (S 356,23,31) (D 0,1,1)
0 1 357 7 9 3 (D 0,1,1) (S 357,24,25) (D 0,1,1)
0 1 358 11 16 3 (D 0,1,1) (S 358,24,32) (D 0,1,1)
0 1 359 6 9 3 (D 0,1,1) (S 359,25,28) (D 0,1,1)
0 1 360 4 6 3 (D 0,1,1) (S 360,26,29) (D 0,1,1)
0 1 361 3 4 3 (D 0,1,1) (S 361,26,30) (D 0,1,1)
0 1 362 10 15 3 (D 0,1,1) (S 362,26,34) (D 0,1,1)
0 1 363 6 9 3 (D 0,1,1) (S 363,27,30) (D 0,1,1)
0 1 364 12 19 3 (D 0,1,1) (S 364,27,31) (D 0,1,1)
0 1 365 9 15 3 (D 0,1,1) (S 365,27,35) (D 0,1,1)
0 1 366 12 20 3 (D 0,1,1) (S 366,27,36) (D 0,1,1)
0 1 367 4 5 3 (D 0,1,1) (S 367,28,32) (D 0,1,1)
0 1 368 10 16 3 (D 0,1,1) (S 368,28,38) (D 0,1,1)
0 1 369 8 14 3 (D 0,1,1) (S 369,29,33) (D 0,1,1)
0 1 370 7 12 3 (D 0,1,1) (S 370,29,39) (D 0,1,1)
0 1 371 5 6 3 (D 0,1,1) (S 371,30,34) (D 0,1,1)
0 1 372 5 8 3 (D 0,1,1) (S 372,31,32) (D 0,1,1)
0 1 373 6 8 3 (D 0,1,1) (S 373,31,37) (D 0,1,1)
0 1 374 7 10 3 (D 0,1,1) (S 374,32,37) (D 0,1,1)
0 1 375 9 14 3 (D 0,1,1) (S 375,32,38) (D 0,1,1)
0 1 376 6 10 3 (D 0,1,1) (S 376,33,34) (D 0,1,1)
0 1 377 8 11 3 (D 0,1,1) (S 377,33,39) (D 0,1,1)
0 1 378 7 10 3 (D 0,1,1) (S 378,33,40) (D 0,1,1)
0 1 379 10 16 3 (D 0,1,1) (S 379,33,46) (D 0,1,1)
0 1 380 5 7 3 (D 0,1,1) (S 380,34,35) (D 0,1,1)
0 1 381 5 6 3 (D 0,1,1) (S 381,34,40) (D 0,1,1)
0 1 382 6 9 3 (D 0,1,1) (S 382,35,36) (D 0,1,1)
0 1 383 4 7 3 (D 0,1,1) (S 383,35,41) (D 0,1,1)
0 1 384 4 6 3 (D 0,1,1) (S 384,36,37) (D 0,1,1)
0 1 385 6 8 3 (D 0,1,1) (S 385,36,42) (D 0,1,1)
0 1 386 9 16 3 (D 0,1,1) (S 386,37,38) (D 0,1,1)
0 1 387 7 9 3 (D 0,1,1) (S 387,37,43) (D 0,1,1)
0 1 388 8 11 3 (D 0,1,1) (S 388,38,43) (D 0,1,1)
0 1 389 9 16 3 (D 0,1,1) (S 389,38,45) (D 0,1,1)
0 1 390 4 7 3 (D 0,1,1) (S 390,40,41) (D 0,1,1)
0 1 391 3 5 3 (D 0,1,1) (S 391,40,47) (D 0,1,1)
0 1 392 6 10 3 (D 0,1,1) (S 392,41,42) (D 0,1,1)
0 1 393 3 4 3 (D 0,1,1) (S 393,41,48) (D 0,1,1)
0 1 394 4 6 3 (D 0,1,1) (S 394,41,49) (D 0,1,1)
0 1 395 9 13 3 (D 0,1,1) (S 395,42,43) (D 0,1,1)
0 1 396 3 4 3 (D 0,1,1) (S 396,42,44) (D 0,1,1)
0 1 397 4 5 3 (D 0,1,1) (S 397,43,45) (D 0,1,1)
0 1 398 6 12 3 (D 0,1,1) (S 398,43,50) (D 0,1,1)
0 1 399 5 9 3 (D 0,1,1) (S 399,44,49) (D 0,1,1)
0 1 400 7 12 3 (D 0,1,1) (S 400,44,50) (D 0,1,1)
0 1 401 7 10 3 (D 0,1,1) (S 401,45,50) (D 0,1,1)
0 1 402 7 11 3 (D 0,1,1) (S 402,46,47) (D 0,1,1)
0 1 403 6 9 3 (D 0,1,1) (S 403,47,48) (D 0,1,1)
0 1 404 10 17 3 (D 0,1,1) (S 404,48,49) (D 0,1,1)
0 1 405 12 22 3 (D 0,1,1) (S 405,49,50) (D 0,1,1)
0 1 406 472 472 3 (D 0,1,1) (S 406,1,1) (D 0,1,1)
0 1 407 74 74 3 (D 0,1,1) (S 407,6,6) (D 0,1,1)
0 1 408 379 379 3 (D 0,1,1) (S 408,8,8) (D 0,1,1)
0 1 409 407 407 3 (D 0,1,1) (S 409,10,10) (D 0,1,1)
0 1 410 96 96 3 (D 0,1,1) (S 410,12,12) (D 0,1,1)
0 1 411 252 252 3 (D 0,1,1) (S 411,16,16) (D 0,1,1)
0 1 412 480 480 3 (D 0,1,1) (S 412,18,18) (D 0,1,1)
0 1 413 314 314 3 (D 0,1,1) (S 413,27,27) (D 0,1,1)
0 1 414 324 324 3 (D 0,1,1) (S 414,29,29) (D 0,1,1)
0 1 415 445 445 3 (D 0,1,1) (S 415,30,30) (D 0,1,1)
0 1 416 417 417 3 (D 0,1,1) (S 416,33,33) (D 0,1,1)
0 1 417 368 368 3 (D 0,1,1) (S 417,35,35) (D 0,1,1)
0 1 418 109 109 3 (D 0,1,1) (S 418,39,39) (D 0,1,1)
0 1 419 387 387 3 (D 0,1,1) (S 419,40,40) (D 0,1,1)
0 1 420 428 428 3 (D 0,1,1) (S 420,41,41) (D 0,1,1)
0 1 421 340 340 3 (D 0,1,1) (S 421,42,42) (D 0,1,1)
0 1 422 340 340 3 (D 0,1,1) (S 422,43,43) (D 0,1,1)
0 1 423 382 382 3 (D 0,1,1) (S 423,56,56) (D 0,1,1)
0 1 424 175 175 3 (D 0,1,1) (S 424,57,57) (D 0,1,1)
0 1 425 378 378 3 (D 0,1,1) (S 425,59,59) (D 0,1,1)
0 1 426 410 410 3 (D 0,1,1) (S 426,62,62) (D 0,1,1)
0 1 427 395 395 3 (D 0,1,1) (S 427,63,63) (D 0,1,1)
0 1 428 375 375 3 (D 0,1,1) (S 428,69,69) (D 0,1,1)
0 1 429 183 183 3 (D 0,1,1) (S 429,73,73) (D 0,1,1)
0 1 430 106 106 3 (D 0,1,1) (S 430,74,74) (D 0,1,1)
0 1 431 250 250 3 (D 0,1,1) (S 431,77,77) (D 0,1,1)
0 1 432 476 476 3 (D 0,1,1) (S 432,80,80) (D 0,1,1)
0 1 433 209 209 3 (D 0,1,1) (S 433,81,81) (D 0,1,1)
0 1 434 168 168 3 (D 0,1,1) (S 434,88,88) (D 0,1,1)
0 1 435 65 65 3 (D 0,1,1) (S 435,92,92) (D 0,1,1)
0 1 436 283 283 3 (D 0,1,1) (S 436,99,99) (D 0,1,1)
0 1 437 333 333 3 (D 0,1,1) (S 437,101,101) (D 0,1,1)
0 1 438 96 96 3 (D 0,1,1) (S 438,104,104) (D 0,1,1)
0 1 439 429 429 3 (D 0,1,1) (S 439,105,105) (D 0,1,1)
0 1 440 395 395 3 (D 0,1,1) (S 440,107,107) (D 0,1,1)
0 1 441 172 172 3 (D 0,1,1) (S 441,108,108) (D 0,1,1)
0 1 442 147 147 3 (D 0,1,1) (S 442,109,109) (D 0,1,1)
0 1 443 171 171 3 (D 0,1,1) (S 443,114,114) (D 0,1,1)
0 1 444 278 278 3 (D 0,1,1) (S 444,116,116) (D 0,1,1)
0 1 445 289 309 3 (D 0,1,1) (S 445,2,15) (D 0,1,1)
0 1 446 389 407 3 (D 0,1,1) (S 446,3,4) (D 0,1,1)
0 1 447 64 84 3 (D 0,1,1) (S 447,6,7) (D 0,1,1)
0 1 448 333 350 3 (D 0,1,1) (S 448,10,11) (D 0,1,1)
0 1 449 158 179 3 (D 0,1,1) (S 449,13,26) (D 0,1,1)
0 1 450 143 162 3 (D 0,1,1) (S 450,21,20) (D 0,1,1)
0 1 451 134 156 3 (D 0,1,1) (S 451,22,9) (D 0,1,1)
0 1 452 85 100 3 (D 0,1,1) (S 452,24,37) (D 0,1,1)
0 1 453 48 69 3 (D 0,1,1) (S 453,25,24) (D 0,1,1)
0 1 454 61 76 3 (D 0,1,1) (S 454,25,38) (D 0,1,1)
0 1 455 100 119 3 (D 0,1,1) (S 455,26,25) (D 0,1,1)
0 1 456 121 141 3 (D 0,1,1) (S 456,27,28) (D 0,1,1)
0 1 457 28 53 3 (D 0,1,1) (S 457,27,40) (D 0,1,1)
0 1 458 47 66 3 (D 0,1,1) (S 458,28,29) (D 0,1,1)
0 1 459 281 296 3 (D 0,1,1) (S 459,30,31) (D 0,1,1)
0 1 460 220 239 3 (D 0,1,1) (S 460,31,32) (D 0,1,1)
0 1 461 289 303 3 (D 0,1,1) (S 461,33,20) (D 0,1,1)
0 1 462 116 134 3 (D 0,1,1) (S 462,36,37) (D 0,1,1)
0 1 463 389 406 3 (D 0,1,1) (S 463,37,38) (D 0,1,1)
0 1 464 269 290 3 (D 0,1,1) (S 464,42,29) (D 0,1,1)
0 1 465 346 364 3 (D 0,1,1) (S 465,42,41) (D 0,1,1)
0 1 466 254 272 3 (D 0,1,1) (S 466,43,30) (D 0,1,1)
0 1 467 70 89 3 (D 0,1,1) (S 467,43,42) (D 0,1,1)
0 1 468 242 261 3 (D 0,1,1) (S 468,44,43) (D 0,1,1)
0 1 469 377 398 3 (D 0,1,1) (S 469,45,44) (D 0,1,1)
0 1 470 344 366 3 (D 0,1,1) (S 470,45,58) (D 0,1,1)
0 1 471 291 310 3 (D 0,1,1) (S 471,47,46) (D 0,1,1)
0 1 472 351 371 3 (D 0,1,1) (S 472,47,60) (D 0,1,1)
0 1 473 72 85 3 (D 0,1,1) (S 473,49,62) (D 0,1,1)
0 1 474 319 340 3 (D 0,1,1) (S 474,52,51) (D 0,1,1)
0 1 475 351 371 3 (D 0,1,1) (S 475,54,41) (D 0,1,1)
0 1 476 97 117 3 (D 0,1,1) (S 476,54,67) (D 0,1,1)
0 1 477 226 247 3 (D 0,1,1) (S 477,55,68) (D 0,1,1)
0 1 478 300 318 3 (D 0,1,1) (S 478,57,44) (D 0,1,1)
0 1 479 326 342 3 (D 0,1,1) (S 479,57,70) (D 0,1,1)
0 1 480 363 379 3 (D 0,1,1) (S 480,58,59) (D 0,1,1)
0 1 481 227 242 3 (D 0,1,1) (S 481,58,71) (D 0,1,1)
0 1 482 233 252 3 (D 0,1,1) (S 482,59,60) (D 0,1,1)
0 1 483 66 86 3 (D 0,1,1) (S 483,60,61) (D 0,1,1)
0 1 484 264 285 3 (D 0,1,1) (S 484,61,48) (D 0,1,1)
0 1 485 242 260 3 (D 0,1,1) (S 485,61,62) (D 0,1,1)
0 1 486 259 273 3 (D 0,1,1) (S 486,61,74) (D 0,1,1)
0 1 487 341 365 3 (D 0,1,1) (S 487,62,75) (D 0,1,1)
0 1 488 43 62 3 (D 0,1,1) (S 488,63,64) (D 0,1,1)
0 1 489 317 337 3 (D 0,1,1) (S 489,64,51) (D 0,1,1)
0 1 490 237 252 3 (D 0,1,1) (S 490,65,52) (D 0,1,1)
0 1 491 135 159 3 (D 0,1,1) (S 491,65,78) (D 0,1,1)
0 1 492 128 150 3 (D 0,1,1) (S 492,67,66) (D 0,1,1)
0 1 493 48 64 3 (D 0,1,1) (S 493,68,67) (D 0,1,1)
0 1 494 213 236 3 (D 0,1,1) (S 494,69,56) (D 0,1,1)
0 1 495 24 43 3 (D 0,1,1) (S 495,69,68) (D 0,1,1)
0 1 496 27 52 3 (D 0,1,1) (S 496,70,83) (D 0,1,1)
0 1 497 179 197 3 (D 0,1,1) (S 497,74,73) (D 0,1,1)
0 1 498 128 149 3 (D 0,1,1) (S 498,76,63) (D 0,1,1)
0 1 499 280 301 3 (D 0,1,1) (S 499,76,75) (D 0,1,1)
0 1 500 92 107 3 (D 0,1,1) (S 500,76,89) (D 0,1,1)
0 1 501 222 236 3 (D 0,1,1) (S 501,77,76) (D 0,1,1)
0 1 502 321 342 3 (D 0,1,1) (S 502,78,77) (D 0,1,1)
0 1 503 169 188 3 (D 0,1,1) (S 503,79,80) (D 0,1,1)
0 1 504 177 195 3 (D 0,1,1) (S 504,80,81) (D 0,1,1)
0 1 505 342 361 3 (D 0,1,1) (S 505,81,82) (D 0,1,1)
0 1 506 217 236 3 (D 0,1,1) (S 506,81,94) (D 0,1,1)
0 1 507 48 68 3 (D 0,1,1) (S 507,82,83) (D 0,1,1)
0 1 508 358 375 3 (D 0,1,1) (S 508,83,84) (D 0,1,1)
0 1 509 128 140 3 (D 0,1,1) (S 509,83,96) (D 0,1,1)
0 1 510 113 136 3 (D 0,1,1) (S 510,84,71) (D 0,1,1)
0 1 511 40 56 3 (D 0,1,1) (S 511,85,86) (D 0,1,1)
0 1 512 383 405 3 (D 0,1,1) (S 512,85,98) (D 0,1,1)
0 1 513 143 162 3 (D 0,1,1) (S 513,87,88) (D 0,1,1)
0 1 514 35 51 3 (D 0,1,1) (S 514,88,75) (D 0,1,1)
0 1 515 145 164 3 (D 0,1,1) (S 515,88,89) (D 0,1,1)
0 1 516 209 229 3 (D 0,1,1) (S 516,90,77) (D 0,1,1)
0 1 517 397 418 3 (D 0,1,1) (S 517,90,91) (D 0,1,1)
0 1 518 57 78 3 (D 0,1,1) (S 518,92,79) (D 0,1,1)
0 1 519 136 152 3 (D 0,1,1) (S 519,93,80) (D 0,1,1)
0 1 520 214 230 3 (D 0,1,1) (S 520,97,84) (D 0,1,1)
0 1 521 198 215 3 (D 0,1,1) (S 521,97,96) (D 0,1,1)
0 1 522 398 417 3 (D 0,1,1) (S 522,97,110) (D 0,1,1)
0 1 523 125 145 3 (D 0,1,1) (S 523,98,97) (D 0,1,1)
0 1 524 125 146 3 (D 0,1,1) (S 524,102,101) (D 0,1,1)
0 1 525 391 410 3 (D 0,1,1) (S 525,104,103) (D 0,1,1)
0 1 526 304 324 3 (D 0,1,1) (S 526,107,108) (D 0,1,1)
0 1 527 189 210 3 (D 0,1,1) (S 527,110,111) (D 0,1,1)
0 1 528 23 42 3 (D 0,1,1) (S 528,111,112) (D 0,1,1)
0 1 529 146 163 3 (D 0,1,1) (S 529,113,114) (D 0,1,1)
0 1 530 366 385 3 (D 0,1,1) (S 530,115,116) (D 0,1,1)
0 1 531 301 320 3 (D 0,1,1) (S 531,116,117) (D 0,1,1)
0 1 532 332 354 3 (D 0,1,1) (S 532,117,104) (D 0,1,1)
0 1 533 2 2 3 (D 0,1,1) (S 533,2,2) (D 0,1,1)
0 1 534 1 1 3 (D 0,1,1) (S 534,4,4) (D 0,1,1)
0 1 535 2 2 3 (D 0,1,1) (S 535,5,5) (D 0,1,1)
0 1 536 1 1 3 (D 0,1,1) (S 536,6,6) (D 0,1,1)
0 1 537 1 1 3 (D 0,1,1) (S 537,7,7) (D 0,1,1)
0 1 538 1 1 3 (D 0,1,1) (S 538,7,8) (D 0,1,1)
0 1 539 1 1 3 (D 0,1,1) (S 539,2,4) (D 0,1,1)
0 1 540 1 1 3 (D 0,1,1) (S 540,9,10) (D 0,1,1)
0 1 541 1 1 3 (D 0,1,1) (S 541,3,5) (D 0,1,1)
0 1 542 1 1 3 (D 0,1,1) (S 542,8,10) (D 0,1,1)
0 1 543 1 1 3 (D 0,1,1) (S 543,1,2) (D 0,1,1)
0 1 544 1 1 3 (D 0,1,1) (S 544,3,4) (D 0,1,1)
0 1 545 1 1 3 (D 0,1,1) (S 545,9,11) (D 0,1,1)
0 1 546 1 1 3 (D 0,1,1) (S 546,1,7) (D 0,1,1)
0 1 547 1 1 3 (D 0,1,1) (S 547,1,10) (D 0,1,1)
0 1 548 1 1 3 (D 0,1,1) (S 548,10,11) (D 0,1,1)
0 1 549 1 1 3 (D 0,1,1) (S 549,8,11) (D 0,1,1)
0 1 550 1 1 3 (D 0,1,1) (S 550,6,7) (D 0,1,1)
0 1 551 1 1 3 (D 0,1,1) (S 551,1,12) (D 0,1,1)
0 1 552 1 1 3 (D 0,1,1) (S 552,1,11) (D 0,1,1)
0 1 553 5 5 3 (D 0,1,1) (S 553,7,7) (D 0,1,1)
0 1 554 4 4 3 (D 0,1,1) (S 554,13,13) (D 0,1,1)
0 1 555 5 5 3 (D 0,1,1) (S 555,11,11) (D 0,1,1)
0 1 556 11 11 3 (D 0,1,1) (S 556,3,3) (D 0,1,1)
0 1 557 11 11 3 (D 0,1,1) (S 557,8,8) (D 0,1,1)
0 1 558 12 19 3 (D 0,1,1) (S 558,1,3) (D 0,1,1)
0 1 559 8 16 3 (D 0,1,1) (S 559,2,6) (D 0,1,1)
0 1 560 3 14 3 (D 0,1,1) (S 560,3,6) (D 0,1,1)
0 1 561 1 19 3 (D 0,1,1) (S 561,8,9) (D 0,1,1)
0 1 562 16 46 3 (D 0,1,1) (S 562,4,11) (D 0,1,1)
0 1 563 11 14 3 (D 0,1,1) (S 563,5,10) (D 0,1,1)
0 1 564 1 13 3 (D 0,1,1) (S 564,11,13) (D 0,1,1)
0 1 565 14 28 3 (D 0,1,1) (S 565,12,13) (D 0,1,1)
0 1 566 1 20 3 (D 0,1,1) (S 566,1,5) (D 0,1,1)
0 1 567 13 29 3 (D 0,1,1) (S 567,2,3) (D 0,1,1)
0 1 568 8 34 3 (D 0,1,1) (S 568,4,10) (D 0,1,1)
0 1 569 14 27 3 (D 0,1,1) (S 569,6,10) (D 0,1,1)
0 1 570 5 26 3 (D 0,1,1) (S 570,8,12) (D 0,1,1)
0 1 571 9 17 3 (D 0,1,1) (S 571,9,13) (D 0,1,1)
0 1 572 15 34 3 (D 0,1,1) (S 572,11,12) (D 0,1,1)
0 1 573 12 12 3 (D 0,1,1) (S 573,19,19) (D 0,1,1)
0 1 574 12 12 3 (D 0,1,1) (S 574,49,49) (D 0,1,1)
0 1 575 11 11 3 (D 0,1,1) (S 575,25,25) (D 0,1,1)
0 1 576 7 7 3 (D 0,1,1) (S 576,3,3) (D 0,1,1)
0 1 577 7 7 3 (D 0,1,1) (S 577,23,23) (D 0,1,1)
0 1 578 10 10 3 (D 0,1,1) (S 578,4,4) (D 0,1,1)
0 1 579 10 10 3 (D 0,1,1) (S 579,5,5) (D 0,1,1)
0 1 580 6 6 3 (D 0,1,1) (S 580,10,10) (D 0,1,1)
0 1 581 2 2 3 (D 0,1,1) (S 581,41,41) (D 0,1,1)
0 1 582 9 9 3 (D 0,1,1) (S 582,7,7) (D 0,1,1)
0 1 583 5 7 3 (D 0,1,1) (S 583,34,35) (D 0,1,1)
0 1 584 5 6 3 (D 0,1,1) (S 584,34,40) (D 0,1,1)
0 1 585 6 9 3 (D 0,1,1) (S 585,35,36) (D 0,1,1)
0 1 586 4 7 3 (D 0,1,1) (S 586,35,41) (D 0,1,1)
0 1 587 4 6 3 (D 0,1,1) (S 587,36,37) (D 0,1,1)
0 1 588 6 8 3 (D 0,1,1) (S 588,36,42) (D 0,1,1)
0 1 589 9 16 3 (D 0,1,1) (S 589,37,38) (D 0,1,1)
0 1 590 7 9 3 (D 0,1,1) (S 590,37,43) (D 0,1,1)
0 1 591 8 11 3 (D 0,1,1) (S 591,38,43) (D 0,1,1)
0 1 592 9 16 3 (D 0,1,1) (S 592,38,45) (D 0,1,1)
0 1 593 4 7 3 (D 0,1,1) (S 593,40,41) (D 0,1,1)
0 1 594 3 5 3 (D 0,1,1) (S 594,40,47) (D 0,1,1)
0 1 595 6 10 3 (D 0,1,1) (S 595,41,42) (D 0,1,1)
0 1 596 3 4 3 (D 0,1,1) (S 596,41,48) (D 0,1,1)
0 1 597 4 6 3 (D 0,1,1) (S 597,41,49) (D 0,1,1)
0 1 598 9 13 3 (D 0,1,1) (S 598,42,43) (D 0,1,1)
0 1 599 3 4 3 (D 0,1,1) (S 599,42,44) (D 0,1,1)
0 1 600 4 5 3 (D 0,1,1) (S 600,43,45) (D 0,1,1)
0 1 601 6 12 3 (D 0,1,1) (S 601,43,50) (D 0,1,1)
0 1 602 5 9 3 (D 0,1,1) (S 602,44,49) (D 0,1,1)
0 1 603 7 12 3 (D 0,1,1) (S 603,44,50) (D 0,1,1)
0 1 604 7 10 3 (D 0,1,1) (S 604,45,50) (D 0,1,1)
0 1 605 7 11 3 (D 0,1,1) (S 605,46,47) (D 0,1,1)
0 1 606 6 9 3 (D 0,1,1) (S 606,47,48) (D 0,1,1)
0 1 607 10 17 3 (D 0,1,1) (S 607,48,49) (D 0,1,1)
0 1 608 12 22 3 (D 0,1,1) (S 608,49,50) (D 0,1,1)
0 1 609 13 23 3 (D 0,1,1) (S 609,1,2) (D 0,1,1)
0 1 610 8 15 3 (D 0,1,1) (S 610,1,5) (D 0,1,1)
0 1 611 7 9 3 (D 0,1,1) (S 611,1,6) (D 0,1,1)
0 1 612 10 16 3 (D 0,1,1) (S 612,2,3) (D 0,1,1)
0 1 613 7 8 3 (D 0,1,1) (S 613,2,7) (D 0,1,1)
0 1 614 9 15 3 (D 0,1,1) (S 614,3,4) (D 0,1,1)
0 1 615 6 11 3 (D 0,1,1) (S 615,3,9) (D 0,1,1)
0 1 616 6 9 3 (D 0,1,1) (S 616,4,10) (D 0,1,1)
0 1 617 10 19 3 (D 0,1,1) (S 617,5,6) (D 0,1,1)
0 1 618 9 12 3 (D 0,1,1) (S 618,5,11) (D 0,1,1)
0 1 619 12 21 3 (D 0,1,1) (S 619,5,18) (D 0,1,1)
0 1 620 7 12 3 (D 0,1,1) (S 620,6,7) (D 0,1,1)
0 1 621 7 9 3 (D 0,1,1) (S 621,6,12) (D 0,1,1)
0 1 622 8 11 3 (D 0,1,1) (S 622,6,13) (D 0,1,1)
0 1 623 6 8 3 (D 0,1,1) (S 623,7,8) (D 0,1,1)
0 1 624 6 10 3 (D 0,1,1) (S 624,7,13) (D 0,1,1)
0 1 625 5 8 3 (D 0,1,1) (S 625,8,9) (D 0,1,1)
0 1 626 7 10 3 (D 0,1,1) (S 626,8,14) (D 0,1,1)
0 1 627 9 17 3 (D 0,1,1) (S 627,9,10) (D 0,1,1)
0 1 628 8 10 3 (D 0,1,1) (S 628,9,15) (D 0,1,1)
0 1 629 9 14 3 (D 0,1,1) (S 629,9,16) (D 0,1,1)
0 1 630 11 18 3 (D 0,1,1) (S 630,10,17) (D 0,1,1)
0 1 631 5 8 3 (D 0,1,1) (S 631,11,12) (D 0,1,1)
0 1 632 8 9 3 (D 0,1,1) (S 632,11,19) (D 0,1,1)
0 1 633 4 5 3 (D 0,1,1) (S 633,12,13) (D 0,1,1)
0 1 634 7 9 3 (D 0,1,1) (S 634,12,20) (D 0,1,1)
0 1 635 6 8 3 (D 0,1,1) (S 635,13,14) (D 0,1,1)
0 1 636 6 9 3 (D 0,1,1) (S 636,13,21) (D 0,1,1)
0 1 637 5 6 3 (D 0,1,1) (S 637,14,15) (D 0,1,1)
0 1 638 9 14 3 (D 0,1,1) (S 638,14,22) (D 0,1,1)
0 1 639 7 9 3 (D 0,1,1) (S 639,15,16) (D 0,1,1)
0 1 640 6 7 3 (D 0,1,1) (S 640,15,23) (D 0,1,1)
0 1 641 8 15 3 (D 0,1,1) (S 641,16,17) (D 0,1,1)
0 1 642 7 10 3 (D 0,1,1) (S 642,16,24) (D 0,1,1)
0 1 643 8 15 3 (D 0,1,1) (S 643,17,25) (D 0,1,1)
0 1 644 4 5 3 (D 0,1,1) (S 644,18,19) (D 0,1,1)
0 1 645 9 11 3 (D 0,1,1) (S 645,18,26) (D 0,1,1)
0 1 646 10 15 3 (D 0,1,1) (S 646,18,29) (D 0,1,1)
0 1 647 9 12 3 (D 0,1,1) (S 647,19,20) (D 0,1,1)
0 1 648 6 7 3 (D 0,1,1) (S 648,19,26) (D 0,1,1)
0 1 649 7 11 3 (D 0,1,1) (S 649,20,21) (D 0,1,1)
0 1 650 12 21 3 (D 0,1,1) (S 650,20,30) (D 0,1,1)
0 1 651 10 15 3 (D 0,1,1) (S 651,21,22) (D 0,1,1)
0 1 652 7 11 3 (D 0,1,1) (S 652,21,27) (D 0,1,1)
0 1 653 6 8 3 (D 0,1,1) (S 653,22,23) (D 0,1,1)
0 1 654 9 15 3 (D 0,1,1) (S 654,22,31) (D 0,1,1)
0 1 655 8 14 3 (D 0,1,1) (S 655,23,24) (D 0,1,1)
0 1 656 10 13 3 (D 0,1,1) (S 656,23,31) (D 0,1,1)
0 1 657 7 9 3 (D 0,1,1) (S 657,24,25) (D 0,1,1)
0 1 658 11 16 3 (D 0,1,1) (S 658,24,32) (D 0,1,1)
0 1 659 6 9 3 (D 0,1,1) (S 659,25,28) (D 0,1,1)
0 1 660 4 6 3 (D 0,1,1) (S 660,26,29) (D 0,1,1)
0 1 661 3 4 3 (D 0,1,1) (S 661,26,30) (D 0,1,1)
0 1 662 10 15 3 (D 0,1,1) (S 662,26,34) (D 0,1,1)
0 1 663 6 9 3 (D 0,1,1) (S 663,27,30) (D 0,1,1)
0 1 664 12 19 3 (D 0,1,1) (S 664,27,31) (D 0,1,1)
0 1 665 9 15 3 (D 0,1,1) (S 665,27,35) (D 0,1,1)
0 1 666 12 20 3 (D 0,1,1) (S 666,27,36) (D 0,1,1)
0 1 667 4 5 3 (D 0,1,1) (S 667,28,32) (D 0,1,1)
0 1 668 10 16 3 (D 0,1,1) (S 668,28,38) (D 0,1,1)
0 1 669 8 14 3 (D 0,1,1) (S 669,29,33) (D 0,1,1)
0 1 670 7 12 3 (D 0,1,1) (S 670,29,39) (D 0,1,1)
0 1 671 5 6 3 (D 0,1,1) (S 671,30,34) (D 0,1,1)
0 1 672 5 8 3 (D 0,1,1) (S 672,31,32) (D 0,1,1)
0 1 673 6 8 3 (D 0,1,1) (S 673,31,37) (D 0,1,1)
0 1 674 7 10 3 (D 0,1,1) (S 674,32,37) (D 0,1,1)
0 1 675 9 14 3 (D 0,1,1) (S 675,32,38) (D 0,1,1)
0 1 676 6 10 3 (D 0,1,1) (S 676,33,34) (D 0,1,1)
0 1 677 8 11 3 (D 0,1,1) (S 677,33,39) (D 0,1,1)
0 1 678 7 10 3 (D 0,1,1) (S 678,33,40) (D 0,1,1)
0 1 679 10 16 3 (D 0,1,1) (S 679,33,46) (D 0,1,1)
0 1 680 13 23 3 (D 0,1,1) (S 680,2,1) (D 0,1,1)
0 1 681 8 15 3 (D 0,1,1) (S 681,5,1) (D 0,1,1)
0 1 682 7 9 3 (D 0,1,1) (S 682,6,1) (D 0,1,1)
0 1 683 10 16 3 (D 0,1,1) (S 683,3,2) (D 0,1,1)
0 1 684 7 8 3 (D 0,1,1) (S 684,7,2) (D 0,1,1)
0 1 685 9 15 3 (D 0,1,1) (S 685,4,3) (D 0,1,1)
0 1 686 6 11 3 (D 0,1,1) (S 686,9,3) (D 0,1,1)
0 1 687 6 9 3 (D 0,1,1) (S 687,10,4) (D 0,1,1)
0 1 688 10 19 3 (D 0,1,1) (S 688,6,5) (D 0,1,1)
0 1 689 9 12 3 (D 0,1,1) (S 689,11,5) (D 0,1,1)
0 1 690 12 21 3 (D 0,1,1) (S 690,18,5) (D 0,1,1)
0 1 691 7 12 3 (D 0,1,1) (S 691,7,6) (D 0,1,1)
0 1 692 7 9 3 (D 0,1,1) (S 692,12,6) (D 0,1,1)
0 1 693 8 11 3 (D 0,1,1) (S 693,13,6) (D 0,1,1)
0 1 694 6 8 3 (D 0,1,1) (S 694,8,7) (D 0,1,1)
0 1 695 6 10 3 (D 0,1,1) (S 695,13,7) (D 0,1,1)
0 1 696 5 8 3 (D 0,1,1) (S 696,9,8) (D 0,1,1)
0 1 697 7 10 3 (D 0,1,1) (S 697,14,8) (D 0,1,1)
0 1 698 9 17 3 (D 0,1,1) (S 698,10,9) (D 0,1,1)
0 1 699 8 10 3 (D 0,1,1) (S 699,15,9) (D 0,1,1)
0 1 700 9 14 3 (D 0,1,1) (S 700,16,9) (D 0,1,1)
0 1 701 11 18 3 (D 0,1,1) (S 701,17,10) (D 0,1,1)
0 1 702 5 8 3 (D 0,1,1) (S 702,12,11) (D 0,1,1)
0 1 703 8 9 3 (D 0,1,1) (S 703,19,11) (D 0,1,1)
0 1 704 4 5 3 (D 0,1,1) (S 704,13,12) (D 0,1,1)
0 1 705 7 9 3 (D 0,1,1) (S 705,20,12) (D 0,1,1)
0 1 706 6 8 3 (D 0,1,1) (S 706,14,13) (D 0,1,1)
0 1 707 6 9 3 (D 0,1,1) (S 707,21,13) (D 0,1,1)
0 1 708 5 6 3 (D 0,1,1) (S 708,15,14) (D 0,1,1)
0 1 709 9 14 3 (D 0,1,1) (S 709,22,14) (D 0,1,1)
0 1 710 7 9 3 (D 0,1,1) (S 710,16,15) (D 0,1,1)
0 1 711 6 7 3 (D 0,1,1) (S 711,23,15) (D 0,1,1)
0 1 712 8 15 3 (D 0,1,1) (S 712,17,16) (D 0,1,1)
0 1 713 7 10 3 (D 0,1,1) (S 713,24,16) (D 0,1,1)
0 1 714 8 15 3 (D 0,1,1) (S 714,25,17) (D 0,1,1)
0 1 715 4 5 3 (D 0,1,1) (S 715,19,18) (D 0,1,1)
0 1 716 9 11 3 (D 0,1,1) (S 716,26,18) (D 0,1,1)
0 1 717 10 15 3 (D 0,1,1) (S 717,29,18) (D 0,1,1)
0 1 718 9 12 3 (D 0,1,1) (S 718,20,19) (D 0,1,1)
0 1 719 6 7 3 (D 0,1,1) (S 719,26,19) (D 0,1,1)
0 1 720 7 11 3 (D 0,1,1) (S 720,21,20) (D 0,1,1)
0 1 721 12 21 3 (D 0,1,1) (S 721,30,20) (D 0,1,1)
0 1 722 10 15 3 (D 0,1,1) (S 722,22,21) (D 0,1,1)
0 1 723 7 11 3 (D 0,1,1) (S 723,27,21) (D 0,1,1)
0 1 724 6 8 3 (D 0,1,1) (S 724,23,22) (D 0,1,1)
0 1 725 9 15 3 (D 0,1,1) (S 725,31,22) (D 0,1,1)
0 1 726 8 14 3 (D 0,1,1) (S 726,24,23) (D 0,1,1)
0 1 727 10 13 3 (D 0,1,1) (S 727,31,23) (D 0,1,1)
0 1 728 7 9 3 (D 0,1,1) (S 728,25,24) (D 0,1,1)
0 1 729 11 16 3 (D 0,1,1) (S 729,32,24) (D 0,1,1)
0 1 730 6 9 3 (D 0,1,1) (S 730,28,25) (D 0,1,1)
0 1 731 4 6 3 (D 0,1,1) (S 731,29,26) (D 0,1,1)
0 1 732 3 4 3 (D 0,1,1) (S 732,30,26) (D 0,1,1)
0 1 733 10 15 3 (D 0,1,1) (S 733,34,26) (D 0,1,1)
0 1 734 6 9 3 (D 0,1,1) (S 734,30,27) (D 0,1,1)
0 1 735 12 19 3 (D 0,1,1) (S 735,31,27) (D 0,1,1)
0 1 736 9 15 3 (D 0,1,1) (S 736,35,27) (D 0,1,1)
0 1 737 12 20 3 (D 0,1,1) (S 737,36,27) (D 0,1,1)
0 1 738 4 5 3 (D 0,1,1) (S 738,32,28) (D 0,1,1)
0 1 739 10 16 3 (D 0,1,1) (S 739,38,28) (D 0,1,1)
0 1 740 8 14 3 (D 0,1,1) (S 740,33,29) (D 0,1,1)
0 1 741 7 12 3 (D 0,1,1) (S 741,39,29) (D 0,1,1)
0 1 742 5 6 3 (D 0,1,1) (S 742,34,30) (D 0,1,1)
0 1 743 5 8 3 (D 0,1,1) (S 743,32,31) (D 0,1,1)
0 1 744 6 8 3 (D 0,1,1) (S 744,37,31) (D 0,1,1)
0 1 745 7 10 3 (D 0,1,1) (S 745,37,32) (D 0,1,1)
0 1 746 9 14 3 (D 0,1,1) (S 746,38,32) (D 0,1,1)
0 1 747 6 10 3 (D 0,1,1) (S 747,34,33) (D 0,1,1)
0 1 748 8 11 3 (D 0,1,1) (S 748,39,33) (D 0,1,1)
0 1 749 7 10 3 (D 0,1,1) (S 749,40,33) (D 0,1,1)
0 1 750 10 16 3 (D 0,1,1) (S 750,46,33) (D 0,1,1)
0 1 751 631 671 3 (D 0,1,1) (S 751,1,2) (D 0,1,1)
0 1 752 534 575 3 (D 0,1,1) (S 752,1,8) (D 0,1,1)
0 1 753 253 293 3 (D 0,1,1) (S 753,2,3) (D 0,1,1)
0 1 754 467 507 3 (D 0,1,1) (S 754,2,9) (D 0,1,1)
0 1 755 108 146 3 (D 0,1,1) (S 755,3,4) (D 0,1,1)
0 1 756 438 474 3 (D 0,1,1) (S 756,3,10) (D 0,1,1)
0 1 757 365 401 3 (D 0,1,1) (S 757,4,5) (D 0,1,1)
0 1 758 461 500 3 (D 0,1,1) (S 758,4,11) (D 0,1,1)
0 1 759 602 638 3 (D 0,1,1) (S 759,5,6) (D 0,1,1)
0 1 760 340 377 3 (D 0,1,1) (S 760,5,12) (D 0,1,1)
0 1 761 361 399 3 (D 0,1,1) (S 761,6,7) (D 0,1,1)
0 1 762 431 467 3 (D 0,1,1) (S 762,6,13) (D 0,1,1)
0 1 763 409 448 3 (D 0,1,1) (S 763,7,14) (D 0,1,1)
0 1 764 227 265 3 (D 0,1,1) (S 764,8,9) (D 0,1,1)
0 1 765 486 524 3 (D 0,1,1) (S 765,8,18) (D 0,1,1)
0 1 766 270 310 3 (D 0,1,1) (S 766,9,10) (D 0,1,1)
0 1 767 115 151 3 (D 0,1,1) (S 767,9,19) (D 0,1,1)
0 1 768 184 221 3 (D 0,1,1) (S 768,10,11) (D 0,1,1)
0 1 769 473 495 3 (D 0,1,1) (S 769,10,15) (D 0,1,1)
0 1 770 107 132 3 (D 0,1,1) (S 770,10,16) (D 0,1,1)
0 1 771 444 481 3 (D 0,1,1) (S 771,11,12) (D 0,1,1)
0 1 772 502 521 3 (D 0,1,1) (S 772,11,17) (D 0,1,1)
0 1 773 429 466 3 (D 0,1,1) (S 773,12,13) (D 0,1,1)
0 1 774 455 498 3 (D 0,1,1) (S 774,12,22) (D 0,1,1)
0 1 775 642 681 3 (D 0,1,1) (S 775,13,14) (D 0,1,1)
0 1 776 663 700 3 (D 0,1,1) (S 776,13,23) (D 0,1,1)
0 1 777 255 296 3 (D 0,1,1) (S 777,14,24) (D 0,1,1)
0 1 778 456 476 3 (D 0,1,1) (S 778,15,16) (D 0,1,1)
0 1 779 277 298 3 (D 0,1,1) (S 779,15,20) (D 0,1,1)
0 1 780 420 439 3 (D 0,1,1) (S 780,16,17) (D 0,1,1)
0 1 781 220 249 3 (D 0,1,1) (S 781,16,21) (D 0,1,1)
0 1 782 449 467 3 (D 0,1,1) (S 782,17,21) (D 0,1,1)
0 1 783 410 446 3 (D 0,1,1) (S 783,18,19) (D 0,1,1)
0 1 784 602 641 3 (D 0,1,1) (S 784,18,25) (D 0,1,1)
0 1 785 774 813 3 (D 0,1,1) (S 785,19,20) (D 0,1,1)
0 1 786 437 475 3 (D 0,1,1) (S 786,19,26) (D 0,1,1)
0 1 787 613 652 3 (D 0,1,1) (S 787,20,21) (D 0,1,1)
0 1 788 509 544 3 (D 0,1,1) (S 788,20,28) (D 0,1,1)
0 1 789 361 412 3 (D 0,1,1) (S 789,20,29) (D 0,1,1)
0 1 790 565 605 3 (D 0,1,1) (S 790,21,22) (D 0,1,1)
0 1 791 336 375 3 (D 0,1,1) (S 791,21,29) (D 0,1,1)
0 1 792 645 682 3 (D 0,1,1) (S 792,22,23) (D 0,1,1)
0 1 793 407 442 3 (D 0,1,1) (S 793,22,30) (D 0,1,1)
0 1 794 378 415 3 (D 0,1,1) (S 794,23,24) (D 0,1,1)
0 1 795 431 474 3 (D 0,1,1) (S 795,23,31) (D 0,1,1)
0 1 796 374 410 3 (D 0,1,1) (S 796,24,32) (D 0,1,1)
0 1 797 303 342 3 (D 0,1,1) (S 797,25,26) (D 0,1,1)
0 1 798 135 168 3 (D 0,1,1) (S 798,25,33) (D 0,1,1)
0 1 799 632 647 3 (D 0,1,1) (S 799,26,27) (D 0,1,1)
0 1 800 680 720 3 (D 0,1,1) (S 800,26,35) (D 0,1,1)
0 1 801 312 332 3 (D 0,1,1) (S 801,27,28) (D 0,1,1)
0 1 802 491 531 3 (D 0,1,1) (S 802,27,36) (D 0,1,1)
0 1 803 344 382 3 (D 0,1,1) (S 803,28,29) (D 0,1,1)
0 1 804 710 748 3 (D 0,1,1) (S 804,28,37) (D 0,1,1)
0 1 805 323 364 3 (D 0,1,1) (S 805,29,30) (D 0,1,1)
0 1 806 147 199 3 (D 0,1,1) (S 806,29,37) (D 0,1,1)
0 1 807 188 225 3 (D 0,1,1) (S 807,29,38) (D 0,1,1)
0 1 808 183 216 3 (D 0,1,1) (S 808,30,31) (D 0,1,1)
0 1 809 618 655 3 (D 0,1,1) (S 809,30,39) (D 0,1,1)
0 1 810 271 310 3 (D 0,1,1) (S 810,31,32) (D 0,1,1)
0 1 811 487 527 3 (D 0,1,1) (S 811,31,40) (D 0,1,1)
0 1 812 497 550 3 (D 0,1,1) (S 812,32,40) (D 0,1,1)
0 1 813 383 421 3 (D 0,1,1) (S 813,32,41) (D 0,1,1)
0 1 814 513 534 3 (D 0,1,1) (S 814,33,34) (D 0,1,1)
0 1 815 491 512 3 (D 0,1,1) (S 815,33,42) (D 0,1,1)
0 1 816 447 464 3 (D 0,1,1) (S 816,34,35) (D 0,1,1)
0 1 817 613 631 3 (D 0,1,1) (S 817,34,43) (D 0,1,1)
0 1 818 231 254 3 (D 0,1,1) (S 818,35,36) (D 0,1,1)
0 1 819 546 564 3 (D 0,1,1) (S 819,35,44) (D 0,1,1)
0 1 820 433 451 3 (D 0,1,1) (S 820,36,37) (D 0,1,1)
0 1 821 167 202 3 (D 0,1,1) (S 821,37,38) (D 0,1,1)
0 1 822 426 464 3 (D 0,1,1) (S 822,37,48) (D 0,1,1)
0 1 823 658 698 3 (D 0,1,1) (S 823,38,39) (D 0,1,1)
0 1 824 624 667 3 (D 0,1,1) (S 824,38,49) (D 0,1,1)
0 1 825 530 569 3 (D 0,1,1) (S 825,39,40) (D 0,1,1)
0 1 826 287 329 3 (D 0,1,1) (S 826,39,50) (D 0,1,1)
0 1 827 324 363 3 (D 0,1,1) (S 827,40,41) (D 0,1,1)
0 1 828 453 486 3 (D 0,1,1) (S 828,40,51) (D 0,1,1)
0 1 829 536 578 3 (D 0,1,1) (S 829,41,52) (D 0,1,1)
0 1 830 299 319 3 (D 0,1,1) (S 830,42,43) (D 0,1,1)
0 1 831 640 658 3 (D 0,1,1) (S 831,42,45) (D 0,1,1)
0 1 832 512 530 3 (D 0,1,1) (S 832,43,44) (D 0,1,1)
0 1 833 315 335 3 (D 0,1,1) (S 833,43,46) (D 0,1,1)
0 1 834 227 245 3 (D 0,1,1) (S 834,44,47) (D 0,1,1)
0 1 835 708 727 3 (D 0,1,1) (S 835,45,46) (D 0,1,1)
0 1 836 339 358 3 (D 0,1,1) (S 836,46,47) (D 0,1,1)
0 1 837 417 456 3 (D 0,1,1) (S 837,47,48) (D 0,1,1)
0 1 838 271 306 3 (D 0,1,1) (S 838,48,49) (D 0,1,1)
0 1 839 408 446 3 (D 0,1,1) (S 839,49,50) (D 0,1,1)
0 1 840 429 464 3 (D 0,1,1) (S 840,50,51) (D 0,1,1)
0 1 841 224 264 3 (D 0,1,1) (S 841,51,52) (D 0,1,1)
0 1 842 12 12 3 (D 0,1,1) (S 842,8,8) (D 0,1,1)
0 1 843 1 1 3 (D 0,1,1) (S 843,40,40) (D 0,1,1)
0 1 844 13 13 3 (D 0,1,1) (S 844,13,13) (D 0,1,1)
0 1 845 2 2 3 (D 0,1,1) (S 845,26,26) (D 0,1,1)
0 1 846 3 3 3 (D 0,1,1) (S 846,32,32) (D 0,1,1)
0 1 847 12 12 3 (D 0,1,1) (S 847,38,38) (D 0,1,1)
0 1 848 2 2 3 (D 0,1,1) (S 848,33,33) (D 0,1,1)
0 1 849 4 4 3 (D 0,1,1) (S 849,4,4) (D 0,1,1)
0 1 850 9 9 3 (D 0,1,1) (S 850,17,17) (D 0,1,1)
0 1 851 6 6 3 (D 0,1,1) (S 851,25,25) (D 0,1,1)
0 1 852 4 4 3 (D 0,1,1) (S 852,30,30) (D 0,1,1)
0 1 853 5 5 3 (D 0,1,1) (S 853,24,24) (D 0,1,1)
0 1 854 15 15 3 (D 0,1,1) (S 854,34,34) (D 0,1,1)
0 1 855 13 13 3 (D 0,1,1) (S 855,5,5) (D 0,1,1)
0 1 856 9 9 3 (D 0,1,1) (S 856,14,14) (D 0,1,1)
0 1 857 8 12 3 (D 0,1,1) (S 857,12,17) (D 0,1,1)
0 1 858 6 8 3 (D 0,1,1) (S 858,13,17) (D 0,1,1)
0 1 859 5 7 3 (D 0,1,1) (S 859,13,18) (D 0,1,1)
0 1 860 12 18 3 (D 0,1,1) (S 860,13,19) (D 0,1,1)
0 1 861 7 11 3 (D 0,1,1) (S 861,14,15) (D 0,1,1)
0 1 862 8 11 3 (D 0,1,1) (S 862,15,16) (D 0,1,1)
0 1 863 8 13 3 (D 0,1,1) (S 863,17,18) (D 0,1,1)
0 1 864 12 18 3 (D 0,1,1) (S 864,17,20) (D 0,1,1)
0 1 865 14 18 3 (D 0,1,1) (S 865,18,19) (D 0,1,1)
0 1 866 13 19 3 (D 0,1,1) (S 866,18,22) (D 0,1,1)
0 1 867 3 5 3 (D 0,1,1) (S 867,20,21) (D 0,1,1)
0 1 868 8 11 3 (D 0,1,1) (S 868,20,23) (D 0,1,1)
0 1 869 4 5 3 (D 0,1,1) (S 869,21,22) (D 0,1,1)
0 1 870 6 9 3 (D 0,1,1) (S 870,21,24) (D 0,1,1)
0 1 871 3 4 3 (D 0,1,1) (S 871,22,25) (D 0,1,1)
0 1 872 7 9 3 (D 0,1,1) (S 872,23,24) (D 0,1,1)
0 1 873 5 7 3 (D 0,1,1) (S 873,24,25) (D 0,1,1)
0 1 874 8 12 3 (D 0,1,1) (S 874,26,27) (D 0,1,1)
0 1 875 14 19 3 (D 0,1,1) (S 875,26,33) (D 0,1,1)
0 1 876 16 21 3 (D 0,1,1) (S 876,26,34) (D 0,1,1)
0 1 877 11 14 3 (D 0,1,1) (S 877,27,28) (D 0,1,1)
0 1 878 9 12 3 (D 0,1,1) (S 878,27,34) (D 0,1,1)
0 1 879 15 25 3 (D 0,1,1) (S 879,28,35) (D 0,1,1)
0 1 880 12 15 3 (D 0,1,1) (S 880,29,30) (D 0,1,1)
0 1 881 9 13 3 (D 0,1,1) (S 881,29,36) (D 0,1,1)
0 1 882 10 13 3 (D 0,1,1) (S 882,30,31) (D 0,1,1)
0 1 883 5 8 3 (D 0,1,1) (S 883,30,37) (D 0,1,1)
0 1 884 12 17 3 (D 0,1,1) (S 884,31,32) (D 0,1,1)
0 1 885 7 12 3 (D 0,1,1) (S 885,31,37) (D 0,1,1)
0 1 886 9 13 3 (D 0,1,1) (S 886,31,38) (D 0,1,1)
0 1 887 8 10 3 (D 0,1,1) (S 887,32,39) (D 0,1,1)
0 1 888 8 11 3 (D 0,1,1) (S 888,33,34) (D 0,1,1)
0 1 889 8 14 3 (D 0,1,1) (S 889,34,35) (D 0,1,1)
0 1 890 14 20 3 (D 0,1,1) (S 890,35,36) (D 0,1,1)
0 1 891 13 17 3 (D 0,1,1) (S 891,36,37) (D 0,1,1)
0 1 892 4 6 3 (D 0,1,1) (S 892,37,38) (D 0,1,1)
0 1 893 9 16 3 (D 0,1,1) (S 893,38,39) (D 0,1,1)
0 1 894 3 5 3 (D 0,1,1) (S 894,1,2) (D 0,1,1)
0 1 895 8 11 3 (D 0,1,1) (S 895,1,6) (D 0,1,1)
0 1 896 9 13 3 (D 0,1,1) (S 896,1,8) (D 0,1,1)
0 1 897 12 20 3 (D 0,1,1) (S 897,1,10) (D 0,1,1)
0 1 898 12 15 3 (D 0,1,1) (S 898,1,11) (D 0,1,1)
0 1 899 9 13 3 (D 0,1,1) (S 899,1,33) (D 0,1,1)
0 1 900 12 16 3 (D 0,1,1) (S 900,1,35) (D 0,1,1)
0 1 901 10 14 3 (D 0,1,1) (S 901,1,40) (D 0,1,1)
0 1 902 9 14 3 (D 0,1,1) (S 902,2,3) (D 0,1,1)
0 1 903 8 10 3 (D 0,1,1) (S 903,2,6) (D 0,1,1)
0 1 904 12 15 3 (D 0,1,1) (S 904,2,36) (D 0,1,1)
0 1 905 5 7 3 (D 0,1,1) (S 905,3,4) (D 0,1,1)
0 1 906 3 5 3 (D 0,1,1) (S 906,3,7) (D 0,1,1)
0 1 907 6 10 3 (D 0,1,1) (S 907,3,37) (D 0,1,1)
0 1 908 7 10 3 (D 0,1,1) (S 908,4,5) (D 0,1,1)
0 1 909 4 7 3 (D 0,1,1) (S 909,4,38) (D 0,1,1)
0 1 910 6 8 3 (D 0,1,1) (S 910,5,39) (D 0,1,1)
0 1 911 7 11 3 (D 0,1,1) (S 911,6,7) (D 0,1,1)
0 1 912 4 6 3 (D 0,1,1) (S 912,6,12) (D 0,1,1)
0 1 913 3 4 3 (D 0,1,1) (S 913,7,13) (D 0,1,1)
0 1 914 12 17 3 (D 0,1,1) (S 914,8,9) (D 0,1,1)
0 1 915 10 17 3 (D 0,1,1) (S 915,8,14) (D 0,1,1)
0 1 916 8 13 3 (D 0,1,1) (S 916,8,40) (D 0,1,1)
0 1 917 6 8 3 (D 0,1,1) (S 917,9,10) (D 0,1,1)
0 1 918 9 11 3 (D 0,1,1) (S 918,9,15) (D 0,1,1)
0 1 919 8 12 3 (D 0,1,1) (S 919,10,16) (D 0,1,1)
0 1 920 9 16 3 (D 0,1,1) (S 920,11,12) (D 0,1,1)
0 1 921 10 13 3 (D 0,1,1) (S 921,11,16) (D 0,1,1)
0 1 922 8 14 3 (D 0,1,1) (S 922,12,13) (D 0,1,1)
0 1 923 3 5 3 (D 0,1,1) (S 923,2,1) (D 0,1,1)
0 1 924 8 11 3 (D 0,1,1) (S 924,6,1) (D 0,1,1)
0 1 925 9 13 3 (D 0,1,1) (S 925,8,1) (D 0,1,1)
0 1 926 12 20 3 (D 0,1,1) (S 926,10,1) (D 0,1,1)
0 1 927 12 15 3 (D 0,1,1) (S 927,11,1) (D 0,1,1)
0 1 928 9 13 3 (D 0,1,1) (S 928,33,1) (D 0,1,1)
0 1 929 12 16 3 (D 0,1,1) (S 929,35,1) (D 0,1,1)
0 1 930 10 14 3 (D 0,1,1) (S 930,40,1) (D 0,1,1)
0 1 931 9 14 3 (D 0,1,1) (S 931,3,2) (D 0,1,1)
0 1 932 8 10 3 (D 0,1,1) (S 932,6,2) (D 0,1,1)
0 1 933 12 15 3 (D 0,1,1) (S 933,36,2) (D 0,1,1)
0 1 934 5 7 3 (D 0,1,1) (S 934,4,3) (D 0,1,1)
0 1 935 3 5 3 (D 0,1,1) (S 935,7,3) (D 0,1,1)
0 1 936 6 10 3 (D 0,1,1) (S 936,37,3) (D 0,1,1)
0 1 937 7 10 3 (D 0,1,1) (S 937,5,4) (D 0,1,1)
0 1 938 4 7 3 (D 0,1,1) (S 938,38,4) (D 0,1,1)
0 1 939 6 8 3 (D 0,1,1) (S 939,39,5) (D 0,1,1)
0 1 940 7 11 3 (D 0,1,1) (S 940,7,6) (D 0,1,1)
0 1 941 4 6 3 (D 0,1,1) (S 941,12,6) (D 0,1,1)
0 1 942 3 4 3 (D 0,1,1) (S 942,13,7) (D 0,1,1)
0 1 943 12 17 3 (D 0,1,1) (S 943,9,8) (D 0,1,1)
0 1 944 10 17 3 (D 0,1,1) (S 944,14,8) (D 0,1,1)
0 1 945 8 13 3 (D 0,1,1) (S 945,40,8) (D 0,1,1)
0 1 946 6 8 3 (D 0,1,1) (S 946,10,9) (D 0,1,1)
0 1 947 9 11 3 (D 0,1,1) (S 947,15,9) (D 0,1,1)
0 1 948 8 12 3 (D 0,1,1) (S 948,16,10) (D 0,1,1)
0 1 949 9 16 3 (D 0,1,1) (S 949,12,11) (D 0,1,1)
0 1 950 10 13 3 (D 0,1,1) (S 950,16,11) (D 0,1,1)
0 1 951 8 14 3 (D 0,1,1) (S 951,13,12) (D 0,1,1)
0 1 952 9 9 3 (D 0,1,1) (S 952,2,2) (D 0,1,1)
0 1 953 6 6 3 (D 0,1,1) (S 953,3,3) (D 0,1,1)
0 1 954 8 8 3 (D 0,1,1) (S 954,5,5) (D 0,1,1)
0 1 955 22 22 3 (D 0,1,1) (S 955,8,8) (D 0,1,1)
0 1 956 13 13 3 (D 0,1,1) (S 956,9,9) (D 0,1,1)
0 1 957 13 13 3 (D 0,1,1) (S 957,10,10) (D 0,1,1)
0 1 958 3 3 3 (D 0,1,1) (S 958,11,11) (D 0,1,1)
0 1 959 10 10 3 (D 0,1,1) (S 959,12,12) (D 0,1,1)
0 1 960 25 25 3 (D 0,1,1) (S 960,13,13) (D 0,1,1)
0 1 961 38 38 3 (D 0,1,1) (S 961,15,15) (D 0,1,1)
0 1 962 25 25 3 (D 0,1,1) (S 962,16,16) (D 0,1,1)
0 1 963 5 5 3 (D 0,1,1) (S 963,17,17) (D 0,1,1)
0 1 964 11 11 3 (D 0,1,1) (S 964,18,18) (D 0,1,1)
0 1 965 5 5 3 (D 0,1,1) (S 965,20,20) (D 0,1,1)
0 1 966 7 7 3 (D 0,1,1) (S 966,21,21) (D 0,1,1)
0 1 967 12 12 3 (D 0,1,1) (S 967,22,22) (D 0,1,1)
0 1 968 6 6 3 (D 0,1,1) (S 968,23,23) (D 0,1,1)
0 1 969 3 3 3 (D 0,1,1) (S 969,24,24) (D 0,1,1)
0 1 970 2 2 3 (D 0,1,1) (S 970,25,25) (D 0,1,1)
0 1 971 13 13 3 (D 0,1,1) (S 971,27,27) (D 0,1,1)
0 1 972 28 28 3 (D 0,1,1) (S 972,28,28) (D 0,1,1)
0 1 973 16 16 3 (D 0,1,1) (S 973,29,29) (D 0,1,1)
0 1 974 2 2 3 (D 0,1,1) (S 974,30,30) (D 0,1,1)
0 1 975 12 12 3 (D 0,1,1) (S 975,10,19) (D 0,1,1)
0 1 976 4 4 3 (D 0,1,1) (S 976,26,30) (D 0,1,1)
0 1 977 8 8 3 (D 0,1,1) (S 977,16,21) (D 0,1,1)
0 1 978 10 10 3 (D 0,1,1) (S 978,21,29) (D 0,1,1)
0 1 979 11 11 3 (D 0,1,1) (S 979,7,12) (D 0,1,1)
0 1 980 10 10 3 (D 0,1,1) (S 980,6,11) (D 0,1,1)
0 1 981 11 11 3 (D 0,1,1) (S 981,4,5) (D 0,1,1)
0 1 982 7 7 3 (D 0,1,1) (S 982,22,29) (D 0,1,1)
0 1 983 8 8 3 (D 0,1,1) (S 983,14,17) (D 0,1,1)
0 1 984 18 18 3 (D 0,1,1) (S 984,8,9) (D 0,1,1)
0 1 985 10 10 3 (D 0,1,1) (S 985,14,15) (D 0,1,1)
0 1 986 10 10 3 (D 0,1,1) (S 986,23,26) (D 0,1,1)
0 1 987 4 4 3 (D 0,1,1) (S 987,4,7) (D 0,1,1)
0 1 988 4 4 3 (D 0,1,1) (S 988,12,11) (D 0,1,1)
0 1 989 5 5 3 (D 0,1,1) (S 989,8,13) (D 0,1,1)
0 1 990 5 5 3 (D 0,1,1) (S 990,21,20) (D 0,1,1)
0 1 991 6 6 3 (D 0,1,1) (S 991,11,16) (D 0,1,1)
0 1 992 4 4 3 (D 0,1,1) (S 992,20,27) (D 0,1,1)
0 1 993 3 3 3 (D 0,1,1) (S 993,7,6) (D 0,1,1)
0 1 994 2 2 3 (D 0,1,1) (S 994,25,30) (D 0,1,1)
0 1 995 5 5 3 (D 0,1,1) (S 995,8,7) (D 0,1,1)
0 1 996 16 16 3 (D 0,1,1) (S 996,1,9) (D 0,1,1)
0 1 997 3 3 3 (D 0,1,1) (S 997,22,17) (D 0,1,1)
0 1 998 3 3 3 (D 0,1,1) (S 998,24,21) (D 0,1,1)
0 1 999 8 8 3 (D 0,1,1) (S 999,4,6) (D 0,1,1)
0 1 1000 6 6 3 (D 0,1,1) (S 1000,25,22) (D 0,1,1)
0 1 1001 6 6 3 (D 0,1,1) (S 1001,18,26) (D 0,1,1)
0 1 1002 3 3 3 (D 0,1,1) (S 1002,6,7) (D 0,1,1)
0 1 1003 4 4 3 (D 0,1,1) (S 1003,22,21) (D 0,1,1)
0 1 1004 5 5 3 (D 0,1,1) (S 1004,13,16) (D 0,1,1)
0 1 1005 4 4 3 (D 0,1,1) (S 1005,7,8) (D 0,1,1)
0 1 1006 6 6 3 (D 0,1,1) (S 1006,26,18) (D 0,1,1)
0 1 1007 4 4 3 (D 0,1,1) (S 1007,5,1) (D 0,1,1)
0 1 1008 6 6 3 (D 0,1,1) (S 1008,16,11) (D 0,1,1)
0 1 1009 5 5 3 (D 0,1,1) (S 1009,10,9) (D 0,1,1)
0 1 1010 3 3 3 (D 0,1,1) (S 1010,20,16) (D 0,1,1)
0 1 1011 4 4 3 (D 0,1,1) (S 1011,2,9) (D 0,1,1)
0 1 1012 4 4 3 (D 0,1,1) (S 1012,20,21) (D 0,1,1)
0 1 1013 6 6 3 (D 0,1,1) (S 1013,2,3) (D 0,1,1)
0 1 1014 3 3 3 (D 0,1,1) (S 1014,18,23) (D 0,1,1)
0 1 1015 3 3 3 (D 0,1,1) (S 1015,17,22) (D 0,1,1)
0 1 1016 3 3 3 (D 0,1,1) (S 1016,30,23) (D 0,1,1)
0 1 1017 3 3 3 (D 0,1,1) (S 1017,21,22) (D 0,1,1)
0 1 1018 6 6 3 (D 0,1,1) (S 1018,8,5) (D 0,1,1)
0 1 1019 13 13 3 (D 0,1,1) (S 1019,20,11) (D 0,1,1)
0 1 1020 320 320 3 (D 0,1,1) (S 1020,1,1) (D 0,1,1)
0 1 1021 494 494 3 (D 0,1,1) (S 1021,2,2) (D 0,1,1)
0 1 1022 190 190 3 (D 0,1,1) (S 1022,3,3) (D 0,1,1)
0 1 1023 118 118 3 (D 0,1,1) (S 1023,4,4) (D 0,1,1)
0 1 1024 318 318 3 (D 0,1,1) (S 1024,5,5) (D 0,1,1)
0 1 1025 468 468 3 (D 0,1,1) (S 1025,6,6) (D 0,1,1)
0 1 1026 330 330 3 (D 0,1,1) (S 1026,7,7) (D 0,1,1)
0 1 1027 335 335 3 (D 0,1,1) (S 1027,8,8) (D 0,1,1)
0 1 1028 353 353 3 (D 0,1,1) (S 1028,9,9) (D 0,1,1)
0 1 1029 100 100 3 (D 0,1,1) (S 1029,10,10) (D 0,1,1)
0 1 1030 433 433 3 (D 0,1,1) (S 1030,12,12) (D 0,1,1)
0 1 1031 186 186 3 (D 0,1,1) (S 1031,13,13) (D 0,1,1)
0 1 1032 259 259 3 (D 0,1,1) (S 1032,14,14) (D 0,1,1)
0 1 1033 81 81 3 (D 0,1,1) (S 1033,15,15) (D 0,1,1)
0 1 1034 233 233 3 (D 0,1,1) (S 1034,16,16) (D 0,1,1)
0 1 1035 51 51 3 (D 0,1,1) (S 1035,17,17) (D 0,1,1)
0 1 1036 488 488 3 (D 0,1,1) (S 1036,18,18) (D 0,1,1)
0 1 1037 404 404 3 (D 0,1,1) (S 1037,19,19) (D 0,1,1)
0 1 1038 74 74 3 (D 0,1,1) (S 1038,20,20) (D 0,1,1)
0 1 1039 133 133 3 (D 0,1,1) (S 1039,21,21) (D 0,1,1)
0 1 1040 279 279 3 (D 0,1,1) (S 1040,22,22) (D 0,1,1)
0 1 1041 235 235 3 (D 0,1,1) (S 1041,23,23) (D 0,1,1)
0 1 1042 303 303 3 (D 0,1,1) (S 1042,24,24) (D 0,1,1)
0 1 1043 421 421 3 (D 0,1,1) (S 1043,25,25) (D 0,1,1)
0 1 1044 232 232 3 (D 0,1,1) (S 1044,26,26) (D 0,1,1)
0 1 1045 193 193 3 (D 0,1,1) (S 1045,27,27) (D 0,1,1)
0 1 1046 465 465 3 (D 0,1,1) (S 1046,28,28) (D 0,1,1)
0 1 1047 377 377 3 (D 0,1,1) (S 1047,29,29) (D 0,1,1)
0 1 1048 174 174 3 (D 0,1,1) (S 1048,30,30) (D 0,1,1)
0 1 1049 178 178 3 (D 0,1,1) (S 1049,31,31) (D 0,1,1)
0 1 1050 231 231 3 (D 0,1,1) (S 1050,32,32) (D 0,1,1)
0 1 1051 316 316 3 (D 0,1,1) (S 1051,33,33) (D 0,1,1)
0 1 1052 276 276 3 (D 0,1,1) (S 1052,34,34) (D 0,1,1)
0 1 1053 465 465 3 (D 0,1,1) (S 1053,35,35) (D 0,1,1)
0 1 1054 210 210 3 (D 0,1,1) (S 1054,36,36) (D 0,1,1)
0 1 1055 294 294 3 (D 0,1,1) (S 1055,37,37) (D 0,1,1)
0 1 1056 494 494 3 (D 0,1,1) (S 1056,38,38) (D 0,1,1)
0 1 1057 387 387 3 (D 0,1,1) (S 1057,39,39) (D 0,1,1)
0 1 1058 123 123 3 (D 0,1,1) (S 1058,40,40) (D 0,1,1)
0 1 1059 119 119 3 (D 0,1,1) (S 1059,41,41) (D 0,1,1)
0 1 1060 232 232 3 (D 0,1,1) (S 1060,42,42) (D 0,1,1)
0 1 1061 436 436 3 (D 0,1,1) (S 1061,43,43) (D 0,1,1)
0 1 1062 322 322 3 (D 0,1,1) (S 1062,44,44) (D 0,1,1)
0 1 1063 96 96 3 (D 0,1,1) (S 1063,45,45) (D 0,1,1)
0 1 1064 447 447 3 (D 0,1,1) (S 1064,46,46) (D 0,1,1)
0 1 1065 53 53 3 (D 0,1,1) (S 1065,47,47) (D 0,1,1)
0 1 1066 296 296 3 (D 0,1,1) (S 1066,48,48) (D 0,1,1)
0 1 1067 196 196 3 (D 0,1,1) (S 1067,49,49) (D 0,1,1)
0 1 1068 302 302 3 (D 0,1,1) (S 1068,50,50) (D 0,1,1)
0 1 1069 166 166 3 (D 0,1,1) (S 1069,51,51) (D 0,1,1)
0 1 1070 156 156 3 (D 0,1,1) (S 1070,52,52) (D 0,1,1)
0 1 1071 386 386 3 (D 0,1,1) (S 1071,53,53) (D 0,1,1)
0 1 1072 479 479 3 (D 0,1,1) (S 1072,54,54) (D 0,1,1)
0 1 1073 89 89 3 (D 0,1,1) (S 1073,55,55) (D 0,1,1)
0 1 1074 191 191 3 (D 0,1,1) (S 1074,56,56) (D 0,1,1)
0 1 1075 349 349 3 (D 0,1,1) (S 1075,57,57) (D 0,1,1)
0 1 1076 241 241 3 (D 0,1,1) (S 1076,58,58) (D 0,1,1)
0 1 1077 431 431 3 (D 0,1,1) (S 1077,59,59) (D 0,1,1)
0 1 1078 126 126 3 (D 0,1,1) (S 1078,60,60) (D 0,1,1)
0 1 1079 92 92 3 (D 0,1,1) (S 1079,61,61) (D 0,1,1)
0 1 1080 361 361 3 (D 0,1,1) (S 1080,62,62) (D 0,1,1)
0 1 1081 179 179 3 (D 0,1,1) (S 1081,63,63) (D 0,1,1)
0 1 1082 233 233 3 (D 0,1,1) (S 1082,64,64) (D 0,1,1)
0 1 1083 476 476 3 (D 0,1,1) (S 1083,65,65) (D 0,1,1)
0 1 1084 209 209 3 (D 0,1,1) (S 1084,66,66) (D 0,1,1)
0 1 1085 259 259 3 (D 0,1,1) (S 1085,67,67) (D 0,1,1)
0 1 1086 295 295 3 (D 0,1,1) (S 1086,68,68) (D 0,1,1)
0 1 1087 295 295 3 (D 0,1,1) (S 1087,69,69) (D 0,1,1)
0 1 1088 261 261 3 (D 0,1,1) (S 1088,70,70) (D 0,1,1)
0 1 1089 408 408 3 (D 0,1,1) (S 1089,71,71) (D 0,1,1)
0 1 1090 496 496 3 (D 0,1,1) (S 1090,72,72) (D 0,1,1)
0 1 1091 349 349 3 (D 0,1,1) (S 1091,73,73) (D 0,1,1)
0 1 1092 113 113 3 (D 0,1,1) (S 1092,74,74) (D 0,1,1)
0 1 1093 133 133 3 (D 0,1,1) (S 1093,75,75) (D 0,1,1)
0 1 1094 397 397 3 (D 0,1,1) (S 1094,76,76) (D 0,1,1)
0 1 1095 330 330 3 (D 0,1,1) (S 1095,77,77) (D 0,1,1)
0 1 1096 300 300 3 (D 0,1,1) (S 1096,78,78) (D 0,1,1)
0 1 1097 304 304 3 (D 0,1,1) (S 1097,79,79) (D 0,1,1)
0 1 1098 348 348 3 (D 0,1,1) (S 1098,80,80) (D 0,1,1)
0 1 1099 364 364 3 (D 0,1,1) (S 1099,81,81) (D 0,1,1)
0 1 1100 90 90 3 (D 0,1,1) (S 1100,82,82) (D 0,1,1)
0 1 1101 143 143 3 (D 0,1,1) (S 1101,83,83) (D 0,1,1)
0 1 1102 257 257 3 (D 0,1,1) (S 1102,84,84) (D 0,1,1)
0 1 1103 66 66 3 (D 0,1,1) (S 1103,85,85) (D 0,1,1)
0 1 1104 409 409 3 (D 0,1,1) (S 1104,86,86) (D 0,1,1)
0 1 1105 74 74 3 (D 0,1,1) (S 1105,87,87) (D 0,1,1)
0 1 1106 459 459 3 (D 0,1,1) (S 1106,88,88) (D 0,1,1)
0 1 1107 183 183 3 (D 0,1,1) (S 1107,89,89) (D 0,1,1)
0 1 1108 499 499 3 (D 0,1,1) (S 1108,90,90) (D 0,1,1)
0 1 1109 355 355 3 (D 0,1,1) (S 1109,91,91) (D 0,1,1)
0 1 1110 66 66 3 (D 0,1,1) (S 1110,92,92) (D 0,1,1)
0 1 1111 487 487 3 (D 0,1,1) (S 1111,93,93) (D 0,1,1)
0 1 1112 341 341 3 (D 0,1,1) (S 1112,94,94) (D 0,1,1)
0 1 1113 3 3 3 (D 0,1,1) (S 1113,2,2) (D 0,1,1)
0 1 1114 1 1 3 (D 0,1,1) (S 1114,3,3) (D 0,1,1)
0 1 1115 1 1 3 (D 0,1,1) (S 1115,5,5) (D 0,1,1)
0 1 1116 1 1 3 (D 0,1,1) (S 1116,6,6) (D 0,1,1)
0 1 1117 1 1 3 (D 0,1,1) (S 1117,9,9) (D 0,1,1)
0 1 1118 1 1 3 (D 0,1,1) (S 1118,6,7) (D 0,1,1)
0 1 1119 1 1 3 (D 0,1,1) (S 1119,8,10) (D 0,1,1)
0 1 1120 1 1 3 (D 0,1,1) (S 1120,5,11) (D 0,1,1)
0 1 1121 1 1 3 (D 0,1,1) (S 1121,10,11) (D 0,1,1)
0 1 1122 1 1 3 (D 0,1,1) (S 1122,3,5) (D 0,1,1)
0 1 1123 1 1 3 (D 0,1,1) (S 1123,3,13) (D 0,1,1)
0 1 1124 1 1 3 (D 0,1,1) (S 1124,9,10) (D 0,1,1)
0 1 1125 1 1 3 (D 0,1,1) (S 1125,2,3) (D 0,1,1)
0 1 1126 1 1 3 (D 0,1,1) (S 1126,1,10) (D 0,1,1)
0 1 1127 1 1 3 (D 0,1,1) (S 1127,1,4) (D 0,1,1)
0 1 1128 1 1 3 (D 0,1,1) (S 1128,4,13) (D 0,1,1)
0 1 1129 1 1 3 (D 0,1,1) (S 1129,1,7) (D 0,1,1)
0 1 1130 1 1 3 (D 0,1,1) (S 1130,5,13) (D 0,1,1)
0 1 1131 1 1 3 (D 0,1,1) (S 1131,1,12) (D 0,1,1)
0 1 1132 1 1 3 (D 0,1,1) (S 1132,7,12) (D 0,1,1)
0 1 1133 1 1 3 (D 0,1,1) (S 1133,5,6) (D 0,1,1)
0 1 1134 1 1 3 (D 0,1,1) (S 1134,7,8) (D 0,1,1)
0 1 1135 1 1 3 (D 0,1,1) (S 1135,12,13) (D 0,1,1)
0 1 1136 1 1 3 (D 0,1,1) (S 1136,8,11) (D 0,1,1)
0 1 1137 5 5 3 (D 0,1,1) (S 1137,3,3) (D 0,1,1)
0 1 1138 12 12 3 (D 0,1,1) (S 1138,4,4) (D 0,1,1)
0 1 1139 4 4 3 (D 0,1,1) (S 1139,5,5) (D 0,1,1)
0 1 1140 20 20 3 (D 0,1,1) (S 1140,6,6) (D 0,1,1)
0 1 1141 10 10 3 (D 0,1,1) (S 1141,7,7) (D 0,1,1)
0 1 1142 12 12 3 (D 0,1,1) (S 1142,8,8) (D 0,1,1)
0 1 1143 16 16 3 (D 0,1,1) (S 1143,9,9) (D 0,1,1)
0 1 1144 5 5 3 (D 0,1,1) (S 1144,10,10) (D 0,1,1)
0 1 1145 2 2 3 (D 0,1,1) (S 1145,11,11) (D 0,1,1)
0 1 1146 6 6 3 (D 0,1,1) (S 1146,12,12) (D 0,1,1)
0 1 1147 4 4 3 (D 0,1,1) (S 1147,13,13) (D 0,1,1)
0 1 1148 7 7 3 (D 0,1,1) (S 1148,14,14) (D 0,1,1)
0 1 1149 6 6 3 (D 0,1,1) (S 1149,15,15) (D 0,1,1)
0 1 1150 8 8 3 (D 0,1,1) (S 1150,16,16) (D 0,1,1)
0 1 1151 8 8 3 (D 0,1,1) (S 1151,17,17) (D 0,1,1)
0 1 1152 10 10 3 (D 0,1,1) (S 1152,18,18) (D 0,1,1)
0 1 1153 6 6 3 (D 0,1,1) (S 1153,19,19) (D 0,1,1)
0 1 1154 7 7 3 (D 0,1,1) (S 1154,20,20) (D 0,1,1)
0 1 1155 6 6 3 (D 0,1,1) (S 1155,21,21) (D 0,1,1)
0 1 1156 11 11 3 (D 0,1,1) (S 1156,22,22) (D 0,1,1)
0 1 1157 10 10 3 (D 0,1,1) (S 1157,23,23) (D 0,1,1)
0 1 1158 8 8 3 (D 0,1,1) (S 1158,24,24) (D 0,1,1)
0 1 1159 6 6 3 (D 0,1,1) (S 1159,25,25) (D 0,1,1)
0 1 1160 14 14 3 (D 0,1,1) (S 1160,26,26) (D 0,1,1)
0 1 1161 28 28 3 (D 0,1,1) (S 1161,27,27) (D 0,1,1)
0 1 1162 2 2 3 (D 0,1,1) (S 1162,28,28) (D 0,1,1)
0 1 1163 3 3 3 (D 0,1,1) (S 1163,29,29) (D 0,1,1)
0 1 1164 3 3 3 (D 0,1,1) (S 1164,30,30) (D 0,1,1)
0 1 1165 5 5 3 (D 0,1,1) (S 1165,31,31) (D 0,1,1)
0 1 1166 16 16 3 (D 0,1,1) (S 1166,32,32) (D 0,1,1)
0 1 1167 10 10 3 (D 0,1,1) (S 1167,34,34) (D 0,1,1)
0 1 1168 4 4 3 (D 0,1,1) (S 1168,35,35) (D 0,1,1)
0 1 1169 3 3 3 (D 0,1,1) (S 1169,36,36) (D 0,1,1)
0 1 1170 9 9 3 (D 0,1,1) (S 1170,37,37) (D 0,1,1)
0 1 1171 8 8 3 (D 0,1,1) (S 1171,38,38) (D 0,1,1)
0 1 1172 4 4 3 (D 0,1,1) (S 1172,39,39) (D 0,1,1)
0 1 1173 2 2 3 (D 0,1,1) (S 1173,40,40) (D 0,1,1)
0 1 1174 3 3 3 (D 0,1,1) (S 1174,42,42) (D 0,1,1)
0 1 1175 11 11 3 (D 0,1,1) (S 1175,43,43) (D 0,1,1)
0 1 1176 9 9 3 (D 0,1,1) (S 1176,44,44) (D 0,1,1)
0 1 1177 3 3 3 (D 0,1,1) (S 1177,45,45) (D 0,1,1)
0 1 1178 7 7 3 (D 0,1,1) (S 1178,46,46) (D 0,1,1)
0 1 1179 8 8 3 (D 0,1,1) (S 1179,47,47) (D 0,1,1)
0 1 1180 22 22 3 (D 0,1,1) (S 1180,49,49) (D 0,1,1)
0 1 1181 7 7 3 (D 0,1,1) (S 1181,33,40) (D 0,1,1)
0 1 1182 4 4 3 (D 0,1,1) (S 1182,43,45) (D 0,1,1)
0 1 1183 9 9 3 (D 0,1,1) (S 1183,38,45) (D 0,1,1)
0 1 1184 6 6 3 (D 0,1,1) (S 1184,35,36) (D 0,1,1)
0 1 1185 8 8 3 (D 0,1,1) (S 1185,33,39) (D 0,1,1)
0 1 1186 6 6 3 (D 0,1,1) (S 1186,7,8) (D 0,1,1)
0 1 1187 7 7 3 (D 0,1,1) (S 1187,6,7) (D 0,1,1)
0 1 1188 3 3 3 (D 0,1,1) (S 1188,41,48) (D 0,1,1)
0 1 1189 13 13 3 (D 0,1,1) (S 1189,1,2) (D 0,1,1)
0 1 1190 4 4 3 (D 0,1,1) (S 1190,41,49) (D 0,1,1)
0 1 1191 10 10 3 (D 0,1,1) (S 1191,33,46) (D 0,1,1)
0 1 1192 7 7 3 (D 0,1,1) (S 1192,16,24) (D 0,1,1)
0 1 1193 7 7 3 (D 0,1,1) (S 1193,12,20) (D 0,1,1)
0 1 1194 5 5 3 (D 0,1,1) (S 1194,44,49) (D 0,1,1)
0 1 1195 5 5 3 (D 0,1,1) (S 1195,34,35) (D 0,1,1)
0 1 1196 6 6 3 (D 0,1,1) (S 1196,41,42) (D 0,1,1)
0 1 1197 6 6 3 (D 0,1,1) (S 1197,32,24) (D 0,1,1)
0 1 1198 5 5 3 (D 0,1,1) (S 1198,26,18) (D 0,1,1)
0 1 1199 2 2 3 (D 0,1,1) (S 1199,13,12) (D 0,1,1)
0 1 1200 4 4 3 (D 0,1,1) (S 1200,6,13) (D 0,1,1)
0 1 1201 10 10 3 (D 0,1,1) (S 1201,18,29) (D 0,1,1)
0 1 1202 8 8 3 (D 0,1,1) (S 1202,11,19) (D 0,1,1)
0 1 1203 8 8 3 (D 0,1,1) (S 1203,1,5) (D 0,1,1)
0 1 1204 5 5 3 (D 0,1,1) (S 1204,24,32) (D 0,1,1)
0 1 1205 12 12 3 (D 0,1,1) (S 1205,20,30) (D 0,1,1)
0 1 1206 3 3 3 (D 0,1,1) (S 1206,13,14) (D 0,1,1)
0 1 1207 4 4 3 (D 0,1,1) (S 1207,22,31) (D 0,1,1)
0 1 1208 2 2 3 (D 0,1,1) (S 1208,41,40) (D 0,1,1)
0 1 1209 5 5 3 (D 0,1,1) (S 1209,11,5) (D 0,1,1)
0 1 1210 8 8 3 (D 0,1,1) (S 1210,33,29) (D 0,1,1)
0 1 1211 4 4 3 (D 0,1,1) (S 1211,15,9) (D 0,1,1)
0 1 1212 5 5 3 (D 0,1,1) (S 1212,21,22) (D 0,1,1)
0 1 1213 5 5 3 (D 0,1,1) (S 1213,20,19) (D 0,1,1)
0 1 1214 4 4 3 (D 0,1,1) (S 1214,9,15) (D 0,1,1)
0 1 1215 10 10 3 (D 0,1,1) (S 1215,28,38) (D 0,1,1)
0 1 1216 3 3 3 (D 0,1,1) (S 1216,10,4) (D 0,1,1)
0 1 1217 5 5 3 (D 0,1,1) (S 1217,2,3) (D 0,1,1)
0 1 1218 4 4 3 (D 0,1,1) (S 1218,42,43) (D 0,1,1)
0 1 1219 2 2 3 (D 0,1,1) (S 1219,18,19) (D 0,1,1)
0 1 1220 3 3 3 (D 0,1,1) (S 1220,2,7) (D 0,1,1)
0 1 1221 9 9 3 (D 0,1,1) (S 1221,38,37) (D 0,1,1)
0 1 1222 3 3 3 (D 0,1,1) (S 1222,33,34) (D 0,1,1)
0 1 1223 5 5 3 (D 0,1,1) (S 1223,32,31) (D 0,1,1)
0 1 1224 2 2 3 (D 0,1,1) (S 1224,26,29) (D 0,1,1)
0 1 1225 2 2 3 (D 0,1,1) (S 1225,14,15) (D 0,1,1)
0 1 1226 7 7 3 (D 0,1,1) (S 1226,24,25) (D 0,1,1)
0 1 1227 4 4 3 (D 0,1,1) (S 1227,27,35) (D 0,1,1)
0 1 1228 3 3 3 (D 0,1,1) (S 1228,15,14) (D 0,1,1)
0 1 1229 2 2 3 (D 0,1,1) (S 1229,32,28) (D 0,1,1)
0 1 1230 3 3 3 (D 0,1,1) (S 1230,34,33) (D 0,1,1)
0 1 1231 3 3 3 (D 0,1,1) (S 1231,3,9) (D 0,1,1)
0 1 1232 4 4 3 (D 0,1,1) (S 1232,43,37) (D 0,1,1)
0 1 1233 6 6 3 (D 0,1,1) (S 1233,31,27) (D 0,1,1)
0 1 1234 2 2 3 (D 0,1,1) (S 1234,29,26) (D 0,1,1)
0 1 1235 4 4 3 (D 0,1,1) (S 1235,16,15) (D 0,1,1)
0 1 1236 11 11 3 (D 0,1,1) (S 1236,17,10) (D 0,1,1)
0 1 1237 1 1 3 (D 0,1,1) (S 1237,40,47) (D 0,1,1)
0 1 1238 3 3 3 (D 0,1,1) (S 1238,15,16) (D 0,1,1)
0 1 1239 6 6 3 (D 0,1,1) (S 1239,5,18) (D 0,1,1)
0 1 1240 5 5 3 (D 0,1,1) (S 1240,35,27) (D 0,1,1)
0 1 1241 3 3 3 (D 0,1,1) (S 1241,12,11) (D 0,1,1)
0 1 1242 4 4 3 (D 0,1,1) (S 1242,36,37) (D 0,1,1)
0 1 1243 5 5 3 (D 0,1,1) (S 1243,34,30) (D 0,1,1)
0 1 1244 4 4 3 (D 0,1,1) (S 1244,50,45) (D 0,1,1)
0 1 1245 1 1 3 (D 0,1,1) (S 1245,42,44) (D 0,1,1)
0 1 1246 5 5 3 (D 0,1,1) (S 1246,22,21) (D 0,1,1)
0 1 1247 2 2 3 (D 0,1,1) (S 1247,2,2) (D 0,1,1)
0 1 1248 1 1 3 (D 0,1,1) (S 1248,3,3) (D 0,1,1)
0 1 1249 1 1 3 (D 0,1,1) (S 1249,6,6) (D 0,1,1)
0 1 1250 1 1 3 (D 0,1,1) (S 1250,7,7) (D 0,1,1)
0 1 1251 1 1 3 (D 0,1,1) (S 1251,9,9) (D 0,1,1)
0 1 1252 1 1 3 (D 0,1,1) (S 1252,12,12) (D 0,1,1)
0 1 1253 1 1 3 (D 0,1,1) (S 1253,5,12) (D 0,1,1)
0 1 1254 1 1 3 (D 0,1,1) (S 1254,1,4) (D 0,1,1)
0 1 1255 1 1 3 (D 0,1,1) (S 1255,3,4) (D 0,1,1)
0 1 1256 1 1 3 (D 0,1,1) (S 1256,5,6) (D 0,1,1)
0 1 1257 1 1 3 (D 0,1,1) (S 1257,7,12) (D 0,1,1)
0 1 1258 1 1 3 (D 0,1,1) (S 1258,1,7) (D 0,1,1)
0 1 1259 1 1 3 (D 0,1,1) (S 1259,3,11) (D 0,1,1)
0 1 1260 1 1 3 (D 0,1,1) (S 1260,5,11) (D 0,1,1)
0 1 1261 1 1 3 (D 0,1,1) (S 1261,1,2) (D 0,1,1)
0 1 1262 1 1 3 (D 0,1,1) (S 1262,6,7) (D 0,1,1)
0 1 1263 1 1 3 (D 0,1,1) (S 1263,1,10) (D 0,1,1)
0 1 1264 1 1 3 (D 0,1,1) (S 1264,2,9) (D 0,1,1)
0 1 1265 1 1 3 (D 0,1,1) (S 1265,12,11) (D 0,1,1)
0 1 1266 1 1 3 (D 0,1,1) (S 1266,8,10) (D 0,1,1)
0 1 1267 1 1 3 (D 0,1,1) (S 1267,4,11) (D 0,1,1)
0 1 1268 13 13 3 (D 0,1,1) (S 1268,22,22) (D 0,1,1)
0 1 1269 13 13 3 (D 0,1,1) (S 1269,5,5) (D 0,1,1)
0 1 1270 3 3 3 (D 0,1,1) (S 1270,28,28) (D 0,1,1)
0 1 1271 13 13 3 (D 0,1,1) (S 1271,21,21) (D 0,1,1)
0 1 1272 12 12 3 (D 0,1,1) (S 1272,7,7) (D 0,1,1)
0 1 1273 8 8 3 (D 0,1,1) (S 1273,10,10) (D 0,1,1)
0 1 1274 14 14 3 (D 0,1,1) (S 1274,14,14) (D 0,1,1)
0 1 1275 15 15 3 (D 0,1,1) (S 1275,30,30) (D 0,1,1)
0 1 1276 8 8 3 (D 0,1,1) (S 1276,18,18) (D 0,1,1)
0 1 1277 10 10 3 (D 0,1,1) (S 1277,6,6) (D 0,1,1)
0 1 1278 10 10 3 (D 0,1,1) (S 1278,15,15) (D 0,1,1)
0 1 1279 8 8 3 (D 0,1,1) (S 1279,25,25) (D 0,1,1)
0 1 1280 3 3 3 (D 0,1,1) (S 1280,13,13) (D 0,1,1)
0 1 1281 14 14 3 (D 0,1,1) (S 1281,11,11) (D 0,1,1)
0 1 1282 15 15 3 (D 0,1,1) (S 1282,27,27) (D 0,1,1)
0 1 1283 8 8 3 (D 0,1,1) (S 1283,34,34) (D 0,1,1)
0 1 1284 8 8 3 (D 0,1,1) (S 1284,17,17) (D 0,1,1)
0 1 1285 5 5 3 (D 0,1,1) (S 1285,2,2) (D 0,1,1)
0 1 1286 10 10 3 (D 0,1,1) (S 1286,19,19) (D 0,1,1)
0 1 1287 3 3 3 (D 0,1,1) (S 1287,32,32) (D 0,1,1)
0 1 1288 8 8 3 (D 0,1,1) (S 1288,8,8) (D 0,1,1)
0 1 1289 4 4 3 (D 0,1,1) (S 1289,3,3) (D 0,1,1)
0 1 1290 15 15 3 (D 0,1,1) (S 1290,33,33) (D 0,1,1)
0 1 1291 3 3 3 (D 0,1,1) (S 1291,35,35) (D 0,1,1)
0 1 1292 5 5 3 (D 0,1,1) (S 1292,37,37) (D 0,1,1)
0 1 1293 3 3 3 (D 0,1,1) (S 1293,12,12) (D 0,1,1)
0 1 1294 2 2 3 (D 0,1,1) (S 1294,29,29) (D 0,1,1)
0 1 1295 8 8 3 (D 0,1,1) (S 1295,20,20) (D 0,1,1)
0 1 1296 10 10 3 (D 0,1,1) (S 1296,39,39) (D 0,1,1)
0 1 1297 3 3 3 (D 0,1,1) (S 1297,4,4) (D 0,1,1)
0 1 1298 3 5 3 (D 0,1,1) (S 1298,1,2) (D 0,1,1)
0 1 1299 8 11 3 (D 0,1,1) (S 1299,1,6) (D 0,1,1)
0 1 1300 9 13 3 (D 0,1,1) (S 1300,1,8) (D 0,1,1)
0 1 1301 12 20 3 (D 0,1,1) (S 1301,1,10) (D 0,1,1)
0 1 1302 12 15 3 (D 0,1,1) (S 1302,1,11) (D 0,1,1)
0 1 1303 9 13 3 (D 0,1,1) (S 1303,1,33) (D 0,1,1)
0 1 1304 12 16 3 (D 0,1,1) (S 1304,1,35) (D 0,1,1)
0 1 1305 10 14 3 (D 0,1,1) (S 1305,1,40) (D 0,1,1)
0 1 1306 9 14 3 (D 0,1,1) (S 1306,2,3) (D 0,1,1)
0 1 1307 8 10 3 (D 0,1,1) (S 1307,2,6) (D 0,1,1)
0 1 1308 12 15 3 (D 0,1,1) (S 1308,2,36) (D 0,1,1)
0 1 1309 5 7 3 (D 0,1,1) (S 1309,3,4) (D 0,1,1)
0 1 1310 3 5 3 (D 0,1,1) (S 1310,3,7) (D 0,1,1)
0 1 1311 6 10 3 (D 0,1,1) (S 1311,3,37) (D 0,1,1)
0 1 1312 7 10 3 (D 0,1,1) (S 1312,4,5) (D 0,1,1)
0 1 1313 4 7 3 (D 0,1,1) (S 1313,4,38) (D 0,1,1)
0 1 1314 6 8 3 (D 0,1,1) (S 1314,5,39) (D 0,1,1)
0 1 1315 7 11 3 (D 0,1,1) (S 1315,6,7) (D 0,1,1)
0 1 1316 4 6 3 (D 0,1,1) (S 1316,6,12) (D 0,1,1)
0 1 1317 3 4 3 (D 0,1,1) (S 1317,7,13) (D 0,1,1)
0 1 1318 12 17 3 (D 0,1,1) (S 1318,8,9) (D 0,1,1)
0 1 1319 10 17 3 (D 0,1,1) (S 1319,8,14) (D 0,1,1)
0 1 1320 8 13 3 (D 0,1,1) (S 1320,8,40) (D 0,1,1)
0 1 1321 6 8 3 (D 0,1,1) (S 1321,9,10) (D 0,1,1)
0 1 1322 9 11 3 (D 0,1,1) (S 1322,9,15) (D 0,1,1)
0 1 1323 8 12 3 (D 0,1,1) (S 1323,10,16) (D 0,1,1)
0 1 1324 9 16 3 (D 0,1,1) (S 1324,11,12) (D 0,1,1)
0 1 1325 10 13 3 (D 0,1,1) (S 1325,11,16) (D 0,1,1)
0 1 1326 8 14 3 (D 0,1,1) (S 1326,12,13) (D 0,1,1)
0 1 1327 8 12 3 (D 0,1,1) (S 1327,12,17) (D 0,1,1)
0 1 1328 6 8 3 (D 0,1,1) (S 1328,13,17) (D 0,1,1)
0 1 1329 5 7 3 (D 0,1,1) (S 1329,13,18) (D 0,1,1)
0 1 1330 12 18 3 (D 0,1,1) (S 1330,13,19) (D 0,1,1)
0 1 1331 7 11 3 (D 0,1,1) (S 1331,14,15) (D 0,1,1)
0 1 1332 8 11 3 (D 0,1,1) (S 1332,15,16) (D 0,1,1)
0 1 1333 8 13 3 (D 0,1,1) (S 1333,17,18) (D 0,1,1)
0 1 1334 12 18 3 (D 0,1,1) (S 1334,17,20) (D 0,1,1)
0 1 1335 14 18 3 (D 0,1,1) (S 1335,18,19) (D 0,1,1)
0 1 1336 13 19 3 (D 0,1,1) (S 1336,18,22) (D 0,1,1)
0 1 1337 3 5 3 (D 0,1,1) (S 1337,20,21) (D 0,1,1)
0 1 1338 8 11 3 (D 0,1,1) (S 1338,20,23) (D 0,1,1)
0 1 1339 4 5 3 (D 0,1,1) (S 1339,21,22) (D 0,1,1)
0 1 1340 6 9 3 (D 0,1,1) (S 1340,21,24) (D 0,1,1)
0 1 1341 3 4 3 (D 0,1,1) (S 1341,22,25) (D 0,1,1)
0 1 1342 7 9 3 (D 0,1,1) (S 1342,23,24) (D 0,1,1)
0 1 1343 5 7 3 (D 0,1,1) (S 1343,24,25) (D 0,1,1)
0 1 1344 8 12 3 (D 0,1,1) (S 1344,26,27) (D 0,1,1)
0 1 1345 14 19 3 (D 0,1,1) (S 1345,26,33) (D 0,1,1)
0 1 1346 16 21 3 (D 0,1,1) (S 1346,26,34) (D 0,1,1)
0 1 1347 11 14 3 (D 0,1,1) (S 1347,27,28) (D 0,1,1)
0 1 1348 9 12 3 (D 0,1,1) (S 1348,27,34) (D 0,1,1)
0 1 1349 15 25 3 (D 0,1,1) (S 1349,28,35) (D 0,1,1)
0 1 1350 12 15 3 (D 0,1,1) (S 1350,29,30) (D 0,1,1)
0 1 1351 9 13 3 (D 0,1,1) (S 1351,29,36) (D 0,1,1)
0 1 1352 10 13 3 (D 0,1,1) (S 1352,30,31) (D 0,1,1)
0 1 1353 5 8 3 (D 0,1,1) (S 1353,30,37) (D 0,1,1)
0 1 1354 12 17 3 (D 0,1,1) (S 1354,31,32) (D 0,1,1)
0 1 1355 7 12 3 (D 0,1,1) (S 1355,31,37) (D 0,1,1)
0 1 1356 9 13 3 (D 0,1,1) (S 1356,31,38) (D 0,1,1)
0 1 1357 8 10 3 (D 0,1,1) (S 1357,32,39) (D 0,1,1)
0 1 1358 8 11 3 (D 0,1,1) (S 1358,33,34) (D 0,1,1)
0 1 1359 8 14 3 (D 0,1,1) (S 1359,34,35) (D 0,1,1)
0 1 1360 14 20 3 (D 0,1,1) (S 1360,35,36) (D 0,1,1)
0 1 1361 13 17 3 (D 0,1,1) (S 1361,36,37) (D 0,1,1)
0 1 1362 4 6 3 (D 0,1,1) (S 1362,37,38) (D 0,1,1)
0 1 1363 9 16 3 (D 0,1,1) (S 1363,38,39) (D 0,1,1)
0 1 1364 3 5 3 (D 0,1,1) (S 1364,2,1) (D 0,1,1)
0 1 1365 8 11 3 (D 0,1,1) (S 1365,6,1) (D 0,1,1)
0 1 1366 9 13 3 (D 0,1,1) (S 1366,8,1) (D 0,1,1)
0 1 1367 12 20 3 (D 0,1,1) (S 1367,10,1) (D 0,1,1)
0 1 1368 12 15 3 (D 0,1,1) (S 1368,11,1) (D 0,1,1)
0 1 1369 9 13 3 (D 0,1,1) (S 1369,33,1) (D 0,1,1)
0 1 1370 12 16 3 (D 0,1,1) (S 1370,35,1) (D 0,1,1)
0 1 1371 10 14 3 (D 0,1,1) (S 1371,40,1) (D 0,1,1)
0 1 1372 9 14 3 (D 0,1,1) (S 1372,3,2) (D 0,1,1)
0 1 1373 8 10 3 (D 0,1,1) (S 1373,6,2) (D 0,1,1)
0 1 1374 12 15 3 (D 0,1,1) (S 1374,36,2) (D 0,1,1)
0 1 1375 5 7 3 (D 0,1,1) (S 1375,4,3) (D 0,1,1)
0 1 1376 3 5 3 (D 0,1,1) (S 1376,7,3) (D 0,1,1)
0 1 1377 6 10 3 (D 0,1,1) (S 1377,37,3) (D 0,1,1)
0 1 1378 7 10 3 (D 0,1,1) (S 1378,5,4) (D 0,1,1)
0 1 1379 4 7 3 (D 0,1,1) (S 1379,38,4) (D 0,1,1)
0 1 1380 6 8 3 (D 0,1,1) (S 1380,39,5) (D 0,1,1)
0 1 1381 7 11 3 (D 0,1,1) (S 1381,7,6) (D 0,1,1)
0 1 1382 4 6 3 (D 0,1,1) (S 1382,12,6) (D 0,1,1)
0 1 1383 3 4 3 (D 0,1,1) (S 1383,13,7) (D 0,1,1)
0 1 1384 12 17 3 (D 0,1,1) (S 1384,9,8) (D 0,1,1)
0 1 1385 10 17 3 (D 0,1,1) (S 1385,14,8) (D 0,1,1)
0 1 1386 8 13 3 (D 0,1,1) (S 1386,40,8) (D 0,1,1)
0 1 1387 6 8 3 (D 0,1,1) (S 1387,10,9) (D 0,1,1)
0 1 1388 9 11 3 (D 0,1,1) (S 1388,15,9) (D 0,1,1)
0 1 1389 8 12 3 (D 0,1,1) (S 1389,16,10) (D 0,1,1)
0 1 1390 9 16 3 (D 0,1,1) (S 1390,12,11) (D 0,1,1)
0 1 1391 10 13 3 (D 0,1,1) (S 1391,16,11) (D 0,1,1)
0 1 1392 8 14 3 (D 0,1,1) (S 1392,13,12) (D 0,1,1)
0 1 1393 8 12 3 (D 0,1,1) (S 1393,17,12) (D 0,1,1)
0 1 1394 6 8 3 (D 0,1,1) (S 1394,17,13) (D 0,1,1)
0 1 1395 5 7 3 (D 0,1,1) (S 1395,18,13) (D 0,1,1)
0 1 1396 12 18 3 (D 0,1,1) (S 1396,19,13) (D 0,1,1)
0 1 1397 7 11 3 (D 0,1,1) (S 1397,15,14) (D 0,1,1)
0 1 1398 8 11 3 (D 0,1,1) (S 1398,16,15) (D 0,1,1)
0 1 1399 8 13 3 (D 0,1,1) (S 1399,18,17) (D 0,1,1)
0 1 1400 12 18 3 (D 0,1,1) (S 1400,20,17) (D 0,1,1)
0 1 1401 14 18 3 (D 0,1,1) (S 1401,19,18) (D 0,1,1)
0 1 1402 13 19 3 (D 0,1,1) (S 1402,22,18) (D 0,1,1)
0 1 1403 3 5 3 (D 0,1,1) (S 1403,21,20) (D 0,1,1)
0 1 1404 8 11 3 (D 0,1,1) (S 1404,23,20) (D 0,1,1)
0 1 1405 4 5 3 (D 0,1,1) (S 1405,22,21) (D 0,1,1)
0 1 1406 6 9 3 (D 0,1,1) (S 1406,24,21) (D 0,1,1)
0 1 1407 3 4 3 (D 0,1,1) (S 1407,25,22) (D 0,1,1)
0 1 1408 7 9 3 (D 0,1,1) (S 1408,24,23) (D 0,1,1)
0 1 1409 5 7 3 (D 0,1,1) (S 1409,25,24) (D 0,1,1)
0 1 1410 8 12 3 (D 0,1,1) (S 1410,27,26) (D 0,1,1)
0 1 1411 14 19 3 (D 0,1,1) (S 1411,33,26) (D 0,1,1)
0 1 1412 16 21 3 (D 0,1,1) (S 1412,34,26) (D 0,1,1)
0 1 1413 11 14 3 (D 0,1,1) (S 1413,28,27) (D 0,1,1)
0 1 1414 9 12 3 (D 0,1,1) (S 1414,34,27) (D 0,1,1)
0 1 1415 15 25 3 (D 0,1,1) (S 1415,35,28) (D 0,1,1)
0 1 1416 12 15 3 (D 0,1,1) (S 1416,30,29) (D 0,1,1)
0 1 1417 9 13 3 (D 0,1,1) (S 1417,36,29) (D 0,1,1)
0 1 1418 10 13 3 (D 0,1,1) (S 1418,31,30) (D 0,1,1)
0 1 1419 5 8 3 (D 0,1,1) (S 1419,37,30) (D 0,1,1)
0 1 1420 12 17 3 (D 0,1,1) (S 1420,32,31) (D 0,1,1)
0 1 1421 7 12 3 (D 0,1,1) (S 1421,37,31) (D 0,1,1)
0 1 1422 9 13 3 (D 0,1,1) (S 1422,38,31) (D 0,1,1)
0 1 1423 8 10 3 (D 0,1,1) (S 1423,39,32) (D 0,1,1)
0 1 1424 8 11 3 (D 0,1,1) (S 1424,34,33) (D 0,1,1)
0 1 1425 8 14 3 (D 0,1,1) (S 1425,35,34) (D 0,1,1)
0 1 1426 14 20 3 (D 0,1,1) (S 1426,36,35) (D 0,1,1)
0 1 1427 13 17 3 (D 0,1,1) (S 1427,37,36) (D 0,1,1)
0 1 1428 4 6 3 (D 0,1,1) (S 1428,38,37) (D 0,1,1)
0 1 1429 9 16 3 (D 0,1,1) (S 1429,39,38) (D 0,1,1)
0 1 1430 20 20 3 (D 0,1,1) (S 1430,2,2) (D 0,1,1)
0 1 1431 9 9 3 (D 0,1,1) (S 1431,3,3) (D 0,1,1)
0 1 1432 6 6 3 (D 0,1,1) (S 1432,4,4) (D 0,1,1)
0 1 1433 24 24 3 (D 0,1,1) (S 1433,5,5) (D 0,1,1)
0 1 1434 7 7 3 (D 0,1,1) (S 1434,6,6) (D 0,1,1)
0 1 1435 7 7 3 (D 0,1,1) (S 1435,8,8) (D 0,1,1)
0 1 1436 9 9 3 (D 0,1,1) (S 1436,9,9) (D 0,1,1)
0 1 1437 2 2 3 (D 0,1,1) (S 1437,11,11) (D 0,1,1)
0 1 1438 10 10 3 (D 0,1,1) (S 1438,12,12) (D 0,1,1)
0 1 1439 8 8 3 (D 0,1,1) (S 1439,13,13) (D 0,1,1)
0 1 1440 9 9 3 (D 0,1,1) (S 1440,14,14) (D 0,1,1)
0 1 1441 6 6 3 (D 0,1,1) (S 1441,15,15) (D 0,1,1)
0 1 1442 8 8 3 (D 0,1,1) (S 1442,16,16) (D 0,1,1)
0 1 1443 8 8 3 (D 0,1,1) (S 1443,17,17) (D 0,1,1)
0 1 1444 8 8 3 (D 0,1,1) (S 1444,18,18) (D 0,1,1)
0 1 1445 9 9 3 (D 0,1,1) (S 1445,19,19) (D 0,1,1)
0 1 1446 19 19 3 (D 0,1,1) (S 1446,20,20) (D 0,1,1)
0 1 1447 5 5 3 (D 0,1,1) (S 1447,21,21) (D 0,1,1)
0 1 1448 4 4 3 (D 0,1,1) (S 1448,22,22) (D 0,1,1)
0 1 1449 10 10 3 (D 0,1,1) (S 1449,23,23) (D 0,1,1)
0 1 1450 11 11 3 (D 0,1,1) (S 1450,24,24) (D 0,1,1)
0 1 1451 6 6 3 (D 0,1,1) (S 1451,25,25) (D 0,1,1)
0 1 1452 19 19 3 (D 0,1,1) (S 1452,26,26) (D 0,1,1)
0 1 1453 30 30 3 (D 0,1,1) (S 1453,27,27) (D 0,1,1)
0 1 1454 5 5 3 (D 0,1,1) (S 1454,28,28) (D 0,1,1)
0 1 1455 2 2 3 (D 0,1,1) (S 1455,30,30) (D 0,1,1)
0 1 1456 2 2 3 (D 0,1,1) (S 1456,31,31) (D 0,1,1)
0 1 1457 10 10 3 (D 0,1,1) (S 1457,32,32) (D 0,1,1)
0 1 1458 15 15 3 (D 0,1,1) (S 1458,33,33) (D 0,1,1)
0 1 1459 3 3 3 (D 0,1,1) (S 1459,34,34) (D 0,1,1)
0 1 1460 5 5 3 (D 0,1,1) (S 1460,35,35) (D 0,1,1)
0 1 1461 3 3 3 (D 0,1,1) (S 1461,36,36) (D 0,1,1)
0 1 1462 9 9 3 (D 0,1,1) (S 1462,37,37) (D 0,1,1)
0 1 1463 4 4 3 (D 0,1,1) (S 1463,38,38) (D 0,1,1)
0 1 1464 7 7 3 (D 0,1,1) (S 1464,39,39) (D 0,1,1)
0 1 1465 1 1 3 (D 0,1,1) (S 1465,40,40) (D 0,1,1)
0 1 1466 2 2 3 (D 0,1,1) (S 1466,41,41) (D 0,1,1)
0 1 1467 3 3 3 (D 0,1,1) (S 1467,42,42) (D 0,1,1)
0 1 1468 18 18 3 (D 0,1,1) (S 1468,43,43) (D 0,1,1)
0 1 1469 2 2 3 (D 0,1,1) (S 1469,44,44) (D 0,1,1)
0 1 1470 5 5 3 (D 0,1,1) (S 1470,45,45) (D 0,1,1)
0 1 1471 3 3 3 (D 0,1,1) (S 1471,46,46) (D 0,1,1)
0 1 1472 6 6 3 (D 0,1,1) (S 1472,47,47) (D 0,1,1)
0 1 1473 5 5 3 (D 0,1,1) (S 1473,48,48) (D 0,1,1)
0 1 1474 14 14 3 (D 0,1,1) (S 1474,49,49) (D 0,1,1)
0 1 1475 4 4 3 (D 0,1,1) (S 1475,50,50) (D 0,1,1)
0 1 1476 6 6 3 (D 0,1,1) (S 1476,13,14) (D 0,1,1)
0 1 1477 8 8 3 (D 0,1,1) (S 1477,9,15) (D 0,1,1)
0 1 1478 9 9 3 (D 0,1,1) (S 1478,27,35) (D 0,1,1)
0 1 1479 5 5 3 (D 0,1,1) (S 1479,14,15) (D 0,1,1)
0 1 1480 4 4 3 (D 0,1,1) (S 1480,40,41) (D 0,1,1)
0 1 1481 10 10 3 (D 0,1,1) (S 1481,33,46) (D 0,1,1)
0 1 1482 7 7 3 (D 0,1,1) (S 1482,24,25) (D 0,1,1)
0 1 1483 8 8 3 (D 0,1,1) (S 1483,38,43) (D 0,1,1)
0 1 1484 6 6 3 (D 0,1,1) (S 1484,3,9) (D 0,1,1)
0 1 1485 7 7 3 (D 0,1,1) (S 1485,44,50) (D 0,1,1)
0 1 1486 10 10 3 (D 0,1,1) (S 1486,5,6) (D 0,1,1)
0 1 1487 6 6 3 (D 0,1,1) (S 1487,33,34) (D 0,1,1)
0 1 1488 7 7 3 (D 0,1,1) (S 1488,21,27) (D 0,1,1)
0 1 1489 8 8 3 (D 0,1,1) (S 1489,29,33) (D 0,1,1)
0 1 1490 5 5 3 (D 0,1,1) (S 1490,34,40) (D 0,1,1)
0 1 1491 7 7 3 (D 0,1,1) (S 1491,15,16) (D 0,1,1)
0 1 1492 8 8 3 (D 0,1,1) (S 1492,11,19) (D 0,1,1)
0 1 1493 5 5 3 (D 0,1,1) (S 1493,44,49) (D 0,1,1)
0 1 1494 6 6 3 (D 0,1,1) (S 1494,47,48) (D 0,1,1)
0 1 1495 6 6 3 (D 0,1,1) (S 1495,35,36) (D 0,1,1)
0 1 1496 10 10 3 (D 0,1,1) (S 1496,2,3) (D 0,1,1)
0 1 1497 2 2 3 (D 0,1,1) (S 1497,30,34) (D 0,1,1)
0 1 1498 4 4 3 (D 0,1,1) (S 1498,9,16) (D 0,1,1)
0 1 1499 4 4 3 (D 0,1,1) (S 1499,37,36) (D 0,1,1)
0 1 1500 4 4 3 (D 0,1,1) (S 1500,24,23) (D 0,1,1)
0 1 1501 2 2 3 (D 0,1,1) (S 1501,48,41) (D 0,1,1)
0 1 1502 3 3 3 (D 0,1,1) (S 1502,6,7) (D 0,1,1)
0 1 1503 3 3 3 (D 0,1,1) (S 1503,8,7) (D 0,1,1)
0 1 1504 4 4 3 (D 0,1,1) (S 1504,35,41) (D 0,1,1)
0 1 1505 3 3 3 (D 0,1,1) (S 1505,50,43) (D 0,1,1)
0 1 1506 6 6 3 (D 0,1,1) (S 1506,42,41) (D 0,1,1)
0 1 1507 1 1 3 (D 0,1,1) (S 1507,26,30) (D 0,1,1)
0 1 1508 4 4 3 (D 0,1,1) (S 1508,6,1) (D 0,1,1)
0 1 1509 9 9 3 (D 0,1,1) (S 1509,32,38) (D 0,1,1)
0 1 1510 5 5 3 (D 0,1,1) (S 1510,31,22) (D 0,1,1)
0 1 1511 6 6 3 (D 0,1,1) (S 1511,31,37) (D 0,1,1)
0 1 1512 2 2 3 (D 0,1,1) (S 1512,45,43) (D 0,1,1)
0 1 1513 3 3 3 (D 0,1,1) (S 1513,37,43) (D 0,1,1)
0 1 1514 3 3 3 (D 0,1,1) (S 1514,9,8) (D 0,1,1)
0 1 1515 5 5 3 (D 0,1,1) (S 1515,16,9) (D 0,1,1)
0 1 1516 7 7 3 (D 0,1,1) (S 1516,16,24) (D 0,1,1)
0 1 1517 3 3 3 (D 0,1,1) (S 1517,7,8) (D 0,1,1)
0 1 1518 4 4 3 (D 0,1,1) (S 1518,7,6) (D 0,1,1)
0 1 1519 10 10 3 (D 0,1,1) (S 1519,18,29) (D 0,1,1)
0 1 1520 5 5 3 (D 0,1,1) (S 1520,23,31) (D 0,1,1)
0 1 1521 6 6 3 (D 0,1,1) (S 1521,19,26) (D 0,1,1)
0 1 1522 2 2 3 (D 0,1,1) (S 1522,8,9) (D 0,1,1)
0 1 1523 3 3 3 (D 0,1,1) (S 1523,13,7) (D 0,1,1)
0 1 1524 5 5 3 (D 0,1,1) (S 1524,10,17) (D 0,1,1)
0 1 1525 5 5 3 (D 0,1,1) (S 1525,11,5) (D 0,1,1)
0 1 1526 5 5 3 (D 0,1,1) (S 1526,49,48) (D 0,1,1)
0 1 1527 1 1 3 (D 0,1,1) (S 1527,42,44) (D 0,1,1)
0 1 1528 1 1 3 (D 0,1,1) (S 1528,41,48) (D 0,1,1)
0 1 1529 3 3 3 (D 0,1,1) (S 1529,1,6) (D 0,1,1)
0 1 1530 4 4 3 (D 0,1,1) (S 1530,28,32) (D 0,1,1)
0 1 1531 3 3 3 (D 0,1,1) (S 1531,7,13) (D 0,1,1)
0 1 1532 4 4 3 (D 0,1,1) (S 1532,6,13) (D 0,1,1)
0 1 1533 3 3 3 (D 0,1,1) (S 1533,45,50) (D 0,1,1)
0 1 1534 4 4 3 (D 0,1,1) (S 1534,13,6) (D 0,1,1)
0 1 1535 5 5 3 (D 0,1,1) (S 1535,22,21) (D 0,1,1)
0 1 1536 2 2 3 (D 0,1,1) (S 1536,12,13) (D 0,1,1)
0 1 1537 5 5 3 (D 0,1,1) (S 1537,38,28) (D 0,1,1)
0 1 1538 6 6 3 (D 0,1,1) (S 1538,17,10) (D 0,1,1)
0 1 1539 5 5 3 (D 0,1,1) (S 1539,31,23) (D 0,1,1)
0 1 1540 1 1 3 (D 0,1,1) (S 1540,3,3) (D 0,1,1)
0 1 1541 2 2 3 (D 0,1,1) (S 1541,7,7) (D 0,1,1)
0 1 1542 1 1 3 (D 0,1,1) (S 1542,8,8) (D 0,1,1)
0 1 1543 1 1 3 (D 0,1,1) (S 1543,9,9) (D 0,1,1)
0 1 1544 1 1 3 (D 0,1,1) (S 1544,1,10) (D 0,1,1)
0 1 1545 1 1 3 (D 0,1,1) (S 1545,2,4) (D 0,1,1)
0 1 1546 1 1 3 (D 0,1,1) (S 1546,2,3) (D 0,1,1)
0 1 1547 1 1 3 (D 0,1,1) (S 1547,5,11) (D 0,1,1)
0 1 1548 1 1 3 (D 0,1,1) (S 1548,2,9) (D 0,1,1)
0 1 1549 1 1 3 (D 0,1,1) (S 1549,1,6) (D 0,1,1)
0 1 1550 1 1 3 (D 0,1,1) (S 1550,3,4) (D 0,1,1)
0 1 1551 1 1 3 (D 0,1,1) (S 1551,1,4) (D 0,1,1)
0 1 1552 1 1 3 (D 0,1,1) (S 1552,9,10) (D 0,1,1)
0 1 1553 1 1 3 (D 0,1,1) (S 1553,5,6) (D 0,1,1)
0 1 1554 1 1 3 (D 0,1,1) (S 1554,10,11) (D 0,1,1)
0 1 1555 1 1 3 (D 0,1,1) (S 1555,1,2) (D 0,1,1)
0 1 1556 1 1 3 (D 0,1,1) (S 1556,7,6) (D 0,1,1)
0 1 1557 1 1 3 (D 0,1,1) (S 1557,8,11) (D 0,1,1)
0 1 1558 2 2 3 (D 0,1,1) (S 1558,2,2) (D 0,1,1)
0 1 1559 3 3 3 (D 0,1,1) (S 1559,4,4) (D 0,1,1)
0 1 1560 22 22 3 (D 0,1,1) (S 1560,5,5) (D 0,1,1)
0 1 1561 3 3 3 (D 0,1,1) (S 1561,6,6) (D 0,1,1)
0 1 1562 7 7 3 (D 0,1,1) (S 1562,9,9) (D 0,1,1)
0 1 1563 8 8 3 (D 0,1,1) (S 1563,10,10) (D 0,1,1)
0 1 1564 11 11 3 (D 0,1,1) (S 1564,11,11) (D 0,1,1)
0 1 1565 4 4 3 (D 0,1,1) (S 1565,12,12) (D 0,1,1)
0 1 1566 28 28 3 (D 0,1,1) (S 1566,13,13) (D 0,1,1)
0 1 1567 7 7 3 (D 0,1,1) (S 1567,14,14) (D 0,1,1)
0 1 1568 27 27 3 (D 0,1,1) (S 1568,17,17) (D 0,1,1)
0 1 1569 3 3 3 (D 0,1,1) (S 1569,18,18) (D 0,1,1)
0 1 1570 20 20 3 (D 0,1,1) (S 1570,19,19) (D 0,1,1)
0 1 1571 7 7 3 (D 0,1,1) (S 1571,20,20) (D 0,1,1)
0 1 1572 4 4 3 (D 0,1,1) (S 1572,21,21) (D 0,1,1)
0 1 1573 2 2 3 (D 0,1,1) (S 1573,22,22) (D 0,1,1)
0 1 1574 7 7 3 (D 0,1,1) (S 1574,23,23) (D 0,1,1)
0 1 1575 2 2 3 (D 0,1,1) (S 1575,26,26) (D 0,1,1)
0 1 1576 11 11 3 (D 0,1,1) (S 1576,27,27) (D 0,1,1)
0 1 1577 6 6 3 (D 0,1,1) (S 1577,28,28) (D 0,1,1)
0 1 1578 14 14 3 (D 0,1,1) (S 1578,29,29) (D 0,1,1)
0 1 1579 10 10 3 (D 0,1,1) (S 1579,30,30) (D 0,1,1)
0 1 1580 8 8 3 (D 0,1,1) (S 1580,32,32) (D 0,1,1)
0 1 1581 15 15 3 (D 0,1,1) (S 1581,33,33) (D 0,1,1)
0 1 1582 5 5 3 (D 0,1,1) (S 1582,34,34) (D 0,1,1)
0 1 1583 2 2 3 (D 0,1,1) (S 1583,35,35) (D 0,1,1)
0 1 1584 2 2 3 (D 0,1,1) (S 1584,36,36) (D 0,1,1)
0 1 1585 8 8 3 (D 0,1,1) (S 1585,37,37) (D 0,1,1)
0 1 1586 7 7 3 (D 0,1,1) (S 1586,38,38) (D 0,1,1)
0 1 1587 14 14 3 (D 0,1,1) (S 1587,39,39) (D 0,1,1)
0 1 1588 15 15 3 (D 0,1,1) (S 1588,40,40) (D 0,1,1)
0 1 1589 4 4 3 (D 0,1,1) (S 1589,41,41) (D 0,1,1)
0 1 1590 14 14 3 (D 0,1,1) (S 1590,43,43) (D 0,1,1)
0 1 1591 5 5 3 (D 0,1,1) (S 1591,44,44) (D 0,1,1)
0 1 1592 9 9 3 (D 0,1,1) (S 1592,45,45) (D 0,1,1)
0 1 1593 2 2 3 (D 0,1,1) (S 1593,46,46) (D 0,1,1)
0 1 1594 8 8 3 (D 0,1,1) (S 1594,49,49) (D 0,1,1)
0 1 1595 4 4 3 (D 0,1,1) (S 1595,50,50) (D 0,1,1)
0 1 1596 5 5 3 (D 0,1,1) (S 1596,11,12) (D 0,1,1)
0 1 1597 10 10 3 (D 0,1,1) (S 1597,15,16) (D 0,1,1)
0 1 1598 10 10 3 (D 0,1,1) (S 1598,48,49) (D 0,1,1)
0 1 1599 6 6 3 (D 0,1,1) (S 1599,4,7) (D 0,1,1)
0 1 1600 7 7 3 (D 0,1,1) (S 1600,16,17) (D 0,1,1)
0 1 1601 10 10 3 (D 0,1,1) (S 1601,8,9) (D 0,1,1)
0 1 1602 4 4 3 (D 0,1,1) (S 1602,25,26) (D 0,1,1)
0 1 1603 13 13 3 (D 0,1,1) (S 1603,1,10) (D 0,1,1)
0 1 1604 4 4 3 (D 0,1,1) (S 1604,30,38) (D 0,1,1)
0 1 1605 10 10 3 (D 0,1,1) (S 1605,36,44) (D 0,1,1)
0 1 1606 8 8 3 (D 0,1,1) (S 1606,22,28) (D 0,1,1)
0 1 1607 3 3 3 (D 0,1,1) (S 1607,9,14) (D 0,1,1)
0 1 1608 7 7 3 (D 0,1,1) (S 1608,6,7) (D 0,1,1)
0 1 1609 12 12 3 (D 0,1,1) (S 1609,38,46) (D 0,1,1)
0 1 1610 12 12 3 (D 0,1,1) (S 1610,43,48) (D 0,1,1)
0 1 1611 6 6 3 (D 0,1,1) (S 1611,31,39) (D 0,1,1)
0 1 1612 5 5 3 (D 0,1,1) (S 1612,37,38) (D 0,1,1)
0 1 1613 12 12 3 (D 0,1,1) (S 1613,1,16) (D 0,1,1)
0 1 1614 5 5 3 (D 0,1,1) (S 1614,5,10) (D 0,1,1)
0 1 1615 12 12 3 (D 0,1,1) (S 1615,45,48) (D 0,1,1)
0 1 1616 4 4 3 (D 0,1,1) (S 1616,25,33) (D 0,1,1)
0 1 1617 4 4 3 (D 0,1,1) (S 1617,12,7) (D 0,1,1)
0 1 1618 8 8 3 (D 0,1,1) (S 1618,28,29) (D 0,1,1)
0 1 1619 2 2 3 (D 0,1,1) (S 1619,29,23) (D 0,1,1)
0 1 1620 4 4 3 (D 0,1,1) (S 1620,36,28) (D 0,1,1)
0 1 1621 7 7 3 (D 0,1,1) (S 1621,17,30) (D 0,1,1)
0 1 1622 4 4 3 (D 0,1,1) (S 1622,15,1) (D 0,1,1)
0 1 1623 4 4 3 (D 0,1,1) (S 1623,7,12) (D 0,1,1)
0 1 1624 2 2 3 (D 0,1,1) (S 1624,42,43) (D 0,1,1)
0 1 1625 3 3 3 (D 0,1,1) (S 1625,2,3) (D 0,1,1)
0 1 1626 4 4 3 (D 0,1,1) (S 1626,15,24) (D 0,1,1)
0 1 1627 3 3 3 (D 0,1,1) (S 1627,36,38) (D 0,1,1)
0 1 1628 4 4 3 (D 0,1,1) (S 1628,21,26) (D 0,1,1)
0 1 1629 3 3 3 (D 0,1,1) (S 1629,43,42) (D 0,1,1)
0 1 1630 5 5 3 (D 0,1,1) (S 1630,43,44) (D 0,1,1)
0 1 1631 3 3 3 (D 0,1,1) (S 1631,11,6) (D 0,1,1)
0 1 1632 7 7 3 (D 0,1,1) (S 1632,30,17) (D 0,1,1)
0 1 1633 3 3 3 (D 0,1,1) (S 1633,23,14) (D 0,1,1)
0 1 1634 1 1 3 (D 0,1,1) (S 1634,13,21) (D 0,1,1)
0 1 1635 7 7 3 (D 0,1,1) (S 1635,3,6) (D 0,1,1)
0 1 1636 4 4 3 (D 0,1,1) (S 1636,50,45) (D 0,1,1)
0 1 1637 2 2 3 (D 0,1,1) (S 1637,10,11) (D 0,1,1)
0 1 1638 4 4 3 (D 0,1,1) (S 1638,50,49) (D 0,1,1)
0 1 1639 5 5 3 (D 0,1,1) (S 1639,42,34) (D 0,1,1)
0 1 1640 4 4 3 (D 0,1,1) (S 1640,1,15) (D 0,1,1)
0 1 1641 3 3 3 (D 0,1,1) (S 1641,25,20) (D 0,1,1)
0 1 1642 3 3 3 (D 0,1,1) (S 1642,3,4) (D 0,1,1)
0 1 1643 1 1 3 (D 0,1,1) (S 1643,18,19) (D 0,1,1)
0 1 1644 3 3 3 (D 0,1,1) (S 1644,31,32) (D 0,1,1)
0 1 1645 3 3 3 (D 0,1,1) (S 1645,26,34) (D 0,1,1)
0 1 1646 2 2 3 (D 0,1,1) (S 1646,23,24) (D 0,1,1)
0 1 1647 5 5 3 (D 0,1,1) (S 1647,39,40) (D 0,1,1)
0 1 1648 5 5 3 (D 0,1,1) (S 1648,34,42) (D 0,1,1)
0 1 1649 3 3 3 (D 0,1,1) (S 1649,24,29) (D 0,1,1)
0 1 1650 3 3 3 (D 0,1,1) (S 1650,34,26) (D 0,1,1)
0 1 1651 8 8 3 (D 0,1,1) (S 1651,23,22) (D 0,1,1)
0 1 1652 5 5 3 (D 0,1,1) (S 1652,8,13) (D 0,1,1)
0 1 1653 5 5 3 (D 0,1,1) (S 1653,44,43) (D 0,1,1)
0 1 1654 1 1 3 (D 0,1,1) (S 1654,15,23) (D 0,1,1)
0 1 1655 1 1 3 (D 0,1,1) (S 1655,19,18) (D 0,1,1)
0 1 1656 3 3 3 (D 0,1,1) (S 1656,24,23) (D 0,1,1)
0 1 1657 8 8 3 (D 0,1,1) (S 1657,14,22) (D 0,1,1)
0 1 1658 37 37 3 (D 0,1,1) (S 1658,1,1) (D 0,1,1)
0 1 1659 62 62 3 (D 0,1,1) (S 1659,2,2) (D 0,1,1)
0 1 1660 31 31 3 (D 0,1,1) (S 1660,3,3) (D 0,1,1)
0 1 1661 1 1 3 (D 0,1,1) (S 1661,4,4) (D 0,1,1)
0 1 1662 1 1 3 (D 0,1,1) (S 1662,5,5) (D 0,1,1)
0 1 1663 26 26 3 (D 0,1,1) (S 1663,6,6) (D 0,1,1)
0 1 1664 1 1 3 (D 0,1,1) (S 1664,7,7) (D 0,1,1)
0 1 1665 1 1 3 (D 0,1,1) (S 1665,8,8) (D 0,1,1)
0 1 1666 83 83 3 (D 0,1,1) (S 1666,9,9) (D 0,1,1)
0 1 1667 11 11 3 (D 0,1,1) (S 1667,10,10) (D 0,1,1)
0 1 1668 62 62 3 (D 0,1,1) (S 1668,11,11) (D 0,1,1)
0 1 1669 57 57 3 (D 0,1,1) (S 1669,12,12) (D 0,1,1)
0 1 1670 57 57 3 (D 0,1,1) (S 1670,13,13) (D 0,1,1)
0 1 1671 46 46 3 (D 0,1,1) (S 1671,14,14) (D 0,1,1)
0 1 1672 9 9 3 (D 0,1,1) (S 1672,15,15) (D 0,1,1)
0 1 1673 1 1 3 (D 0,1,1) (S 1673,16,16) (D 0,1,1)
0 1 1674 37 37 3 (D 0,1,1) (S 1674,17,17) (D 0,1,1)
0 1 1675 1 1 3 (D 0,1,1) (S 1675,18,18) (D 0,1,1)
0 1 1676 11 11 3 (D 0,1,1) (S 1676,19,19) (D 0,1,1)
0 1 1677 6 6 3 (D 0,1,1) (S 1677,20,20) (D 0,1,1)
0 1 1678 1 1 3 (D 0,1,1) (S 1678,21,21) (D 0,1,1)
0 1 1679 26 26 3 (D 0,1,1) (S 1679,22,22) (D 0,1,1)
0 1 1680 45 45 3 (D 0,1,1) (S 1680,23,23) (D 0,1,1)
0 1 1681 1 1 3 (D 0,1,1) (S 1681,24,24) (D 0,1,1)
0 1 1682 31 31 3 (D 0,1,1) (S 1682,25,25) (D 0,1,1)
0 1 1683 31 31 3 (D 0,1,1) (S 1683,26,26) (D 0,1,1)
0 1 1684 7 7 3 (D 0,1,1) (S 1684,27,27) (D 0,1,1)
0 1 1685 73 73 3 (D 0,1,1) (S 1685,28,28) (D 0,1,1)
0 1 1686 1 1 3 (D 0,1,1) (S 1686,29,29) (D 0,1,1)
0 1 1687 1 1 3 (D 0,1,1) (S 1687,30,30) (D 0,1,1)
0 1 1688 7 7 3 (D 0,1,1) (S 1688,31,31) (D 0,1,1)
0 1 1689 60 60 3 (D 0,1,1) (S 1689,32,32) (D 0,1,1)
0 1 1690 1 1 3 (D 0,1,1) (S 1690,33,33) (D 0,1,1)
0 1 1691 6 6 3 (D 0,1,1) (S 1691,34,34) (D 0,1,1)
0 1 1692 1 1 3 (D 0,1,1) (S 1692,35,35) (D 0,1,1)
0 1 1693 14 14 3 (D 0,1,1) (S 1693,36,36) (D 0,1,1)
0 1 1694 133 133 3 (D 0,1,1) (S 1694,37,37) (D 0,1,1)
0 1 1695 13 13 3 (D 0,1,1) (S 1695,38,38) (D 0,1,1)
0 1 1696 1 1 3 (D 0,1,1) (S 1696,39,39) (D 0,1,1)
0 1 1697 42 42 3 (D 0,1,1) (S 1697,40,40) (D 0,1,1)
0 1 1698 7 7 3 (D 0,1,1) (S 1698,41,41) (D 0,1,1)
0 1 1699 51 51 3 (D 0,1,1) (S 1699,42,42) (D 0,1,1)
0 1 1700 97 97 3 (D 0,1,1) (S 1700,43,43) (D 0,1,1)
0 1 1701 7 7 3 (D 0,1,1) (S 1701,44,44) (D 0,1,1)
0 1 1702 12 12 3 (D 0,1,1) (S 1702,45,45) (D 0,1,1)
0 1 1703 26 26 3 (D 0,1,1) (S 1703,46,46) (D 0,1,1)
0 1 1704 1 1 3 (D 0,1,1) (S 1704,47,47) (D 0,1,1)
0 1 1705 7 7 3 (D 0,1,1) (S 1705,48,48) (D 0,1,1)
0 1 1706 57 57 3 (D 0,1,1) (S 1706,49,49) (D 0,1,1)
0 1 1707 7 7 3 (D 0,1,1) (S 1707,50,50) (D 0,1,1)
0 1 1708 1 1 3 (D 0,1,1) (S 1708,51,51) (D 0,1,1)
0 1 1709 1 1 3 (D 0,1,1) (S 1709,52,52) (D 0,1,1)
0 1 1710 51 51 3 (D 0,1,1) (S 1710,53,53) (D 0,1,1)
0 1 1711 1 1 3 (D 0,1,1) (S 1711,54,54) (D 0,1,1)
0 1 1712 1 1 3 (D 0,1,1) (S 1712,55,55) (D 0,1,1)
0 1 1713 1 1 3 (D 0,1,1) (S 1713,56,56) (D 0,1,1)
0 1 1714 57 57 3 (D 0,1,1) (S 1714,57,57) (D 0,1,1)
0 1 1715 1 1 3 (D 0,1,1) (S 1715,58,58) (D 0,1,1)
0 1 1716 26 26 3 (D 0,1,1) (S 1716,59,59) (D 0,1,1)
0 1 1717 1 1 3 (D 0,1,1) (S 1717,60,60) (D 0,1,1)
0 1 1718 1 1 3 (D 0,1,1) (S 1718,61,61) (D 0,1,1)
0 1 1719 1 1 3 (D 0,1,1) (S 1719,62,62) (D 0,1,1)
0 1 1720 1 1 3 (D 0,1,1) (S 1720,63,63) (D 0,1,1)
0 1 1721 62 62 3 (D 0,1,1) (S 1721,64,64) (D 0,1,1)
0 1 1722 215 215 3 (D 0,1,1) (S 1722,65,65) (D 0,1,1)
0 1 1723 204 204 3 (D 0,1,1) (S 1723,66,66) (D 0,1,1)
0 1 1724 1 1 3 (D 0,1,1) (S 1724,67,67) (D 0,1,1)
0 1 1725 7 7 3 (D 0,1,1) (S 1725,68,68) (D 0,1,1)
0 1 1726 6 6 3 (D 0,1,1) (S 1726,69,69) (D 0,1,1)
0 1 1727 1 1 3 (D 0,1,1) (S 1727,70,70) (D 0,1,1)
0 1 1728 30 30 3 (D 0,1,1) (S 1728,71,71) (D 0,1,1)
0 1 1729 118 118 3 (D 0,1,1) (S 1729,72,72) (D 0,1,1)
0 1 1730 53 53 3 (D 0,1,1) (S 1730,73,73) (D 0,1,1)
0 1 1731 22 22 3 (D 0,1,1) (S 1731,74,74) (D 0,1,1)
0 1 1732 22 22 3 (D 0,1,1) (S 1732,75,75) (D 0,1,1)
0 1 1733 1 1 3 (D 0,1,1) (S 1733,76,76) (D 0,1,1)
0 1 1734 7 7 3 (D 0,1,1) (S 1734,77,77) (D 0,1,1)
0 1 1735 7 7 3 (D 0,1,1) (S 1735,78,78) (D 0,1,1)
0 1 1736 1 1 3 (D 0,1,1) (S 1736,79,79) (D 0,1,1)
0 1 1737 1 1 3 (D 0,1,1) (S 1737,80,80) (D 0,1,1)
0 1 1738 12 12 3 (D 0,1,1) (S 1738,81,81) (D 0,1,1)
0 1 1739 1 1 3 (D 0,1,1) (S 1739,82,82) (D 0,1,1)
0 1 1740 7 7 3 (D 0,1,1) (S 1740,83,83) (D 0,1,1)
0 1 1741 1 1 3 (D 0,1,1) (S 1741,84,84) (D 0,1,1)
0 1 1742 46 46 3 (D 0,1,1) (S 1742,85,85) (D 0,1,1)
0 1 1743 40 40 3 (D 0,1,1) (S 1743,86,86) (D 0,1,1)
0 1 1744 7 7 3 (D 0,1,1) (S 1744,87,87) (D 0,1,1)
0 1 1745 40 40 3 (D 0,1,1) (S 1745,88,88) (D 0,1,1)
0 1 1746 76 76 3 (D 0,1,1) (S 1746,89,89) (D 0,1,1)
0 1 1747 1 1 3 (D 0,1,1) (S 1747,90,90) (D 0,1,1)
0 1 1748 57 57 3 (D 0,1,1) (S 1748,91,91) (D 0,1,1)
0 1 1749 12 12 3 (D 0,1,1) (S 1749,92,92) (D 0,1,1)
0 1 1750 1 1 3 (D 0,1,1) (S 1750,93,93) (D 0,1,1)
0 1 1751 1 1 3 (D 0,1,1) (S 1751,94,94) (D 0,1,1)
0 1 1752 1 1 3 (D 0,1,1) (S 1752,95,95) (D 0,1,1)
0 1 1753 44 44 3 (D 0,1,1) (S 1753,96,96) (D 0,1,1)
0 1 1754 124 124 3 (D 0,1,1) (S 1754,97,97) (D 0,1,1)
0 1 1755 259 259 3 (D 0,1,1) (S 1755,98,98) (D 0,1,1)
0 1 1756 124 124 3 (D 0,1,1) (S 1756,99,99) (D 0,1,1)
0 1 1757 6 6 3 (D 0,1,1) (S 1757,100,100) (D 0,1,1)
0 1 1758 57 57 3 (D 0,1,1) (S 1758,101,101) (D 0,1,1)
0 1 1759 93 93 3 (D 0,1,1) (S 1759,102,102) (D 0,1,1)
0 1 1760 82 82 3 (D 0,1,1) (S 1760,103,103) (D 0,1,1)
0 1 1761 68 68 3 (D 0,1,1) (S 1761,104,104) (D 0,1,1)
0 1 1762 7 7 3 (D 0,1,1) (S 1762,105,105) (D 0,1,1)
0 1 1763 47 47 3 (D 0,1,1) (S 1763,106,106) (D 0,1,1)
0 1 1764 152 152 3 (D 0,1,1) (S 1764,107,107) (D 0,1,1)
0 1 1765 18 18 3 (D 0,1,1) (S 1765,108,108) (D 0,1,1)
0 1 1766 19 19 3 (D 0,1,1) (S 1766,109,109) (D 0,1,1)
0 1 1767 6 6 3 (D 0,1,1) (S 1767,110,110) (D 0,1,1)
0 1 1768 96 96 3 (D 0,1,1) (S 1768,111,111) (D 0,1,1)
0 1 1769 11 11 3 (D 0,1,1) (S 1769,112,112) (D 0,1,1)
0 1 1770 89 89 3 (D 0,1,1) (S 1770,113,113) (D 0,1,1)
0 1 1771 38 38 3 (D 0,1,1) (S 1771,114,114) (D 0,1,1)
0 1 1772 28 28 3 (D 0,1,1) (S 1772,115,115) (D 0,1,1)
0 1 1773 48 48 3 (D 0,1,1) (S 1773,116,116) (D 0,1,1)
0 1 1774 39 39 3 (D 0,1,1) (S 1774,117,117) (D 0,1,1)
0 1 1775 13 13 3 (D 0,1,1) (S 1775,118,118) (D 0,1,1)
0 1 1776 39 39 3 (D 0,1,1) (S 1776,119,119) (D 0,1,1)
0 1 1777 79 79 3 (D 0,1,1) (S 1777,120,120) (D 0,1,1)
0 1 1778 177 229 3 (D 0,1,1) (S 1778,121,122) (D 0,1,1)
0 1 1779 60 86 3 (D 0,1,1) (S 1779,123,124) (D 0,1,1)
0 1 1780 116 163 3 (D 0,1,1) (S 1780,125,126) (D 0,1,1)
0 1 1781 40 69 3 (D 0,1,1) (S 1781,127,9) (D 0,1,1)
0 1 1782 1 23 3 (D 0,1,1) (S 1782,10,123) (D 0,1,1)
0 1 1783 37 57 3 (D 0,1,1) (S 1783,128,129) (D 0,1,1)
0 1 1784 53 82 3 (D 0,1,1) (S 1784,130,131) (D 0,1,1)
0 1 1785 46 76 3 (D 0,1,1) (S 1785,132,133) (D 0,1,1)
0 1 1786 142 182 3 (D 0,1,1) (S 1786,134,135) (D 0,1,1)
0 1 1787 42 48 3 (D 0,1,1) (S 1787,129,136) (D 0,1,1)
0 1 1788 95 121 3 (D 0,1,1) (S 1788,137,138) (D 0,1,1)
0 1 1789 98 139 3 (D 0,1,1) (S 1789,139,140) (D 0,1,1)
0 1 1790 78 186 3 (D 0,1,1) (S 1790,141,142) (D 0,1,1)
0 1 1791 32 52 3 (D 0,1,1) (S 1791,143,121) (D 0,1,1)
0 1 1792 48 60 3 (D 0,1,1) (S 1792,144,145) (D 0,1,1)
0 1 1793 86 116 3 (D 0,1,1) (S 1793,133,146) (D 0,1,1)
0 1 1794 97 108 3 (D 0,1,1) (S 1794,147,148) (D 0,1,1)
0 1 1795 12 27 3 (D 0,1,1) (S 1795,149,150) (D 0,1,1)
0 1 1796 120 237 3 (D 0,1,1) (S 1796,151,152) (D 0,1,1)
0 1 1797 21 57 3 (D 0,1,1) (S 1797,142,152) (D 0,1,1)
0 1 1798 52 139 3 (D 0,1,1) (S 1798,153,154) (D 0,1,1)
0 1 1799 48 145 3 (D 0,1,1) (S 1799,155,156) (D 0,1,1)
0 1 1800 77 93 3 (D 0,1,1) (S 1800,157,149) (D 0,1,1)
0 1 1801 38 71 3 (D 0,1,1) (S 1801,158,159) (D 0,1,1)
0 1 1802 48 156 3 (D 0,1,1) (S 1802,160,8) (D 0,1,1)
0 1 1803 80 94 3 (D 0,1,1) (S 1803,161,162) (D 0,1,1)
0 1 1804 65 113 3 (D 0,1,1) (S 1804,163,164) (D 0,1,1)
0 1 1805 316 339 3 (D 0,1,1) (S 1805,165,166) (D 0,1,1)
0 1 1806 93 127 3 (D 0,1,1) (S 1806,167,168) (D 0,1,1)
0 1 1807 136 152 3 (D 0,1,1) (S 1807,169,170) (D 0,1,1)
0 1 1808 23 53 3 (D 0,1,1) (S 1808,171,108) (D 0,1,1)
0 1 1809 90 127 3 (D 0,1,1) (S 1809,172,173) (D 0,1,1)
0 1 1810 31 47 3 (D 0,1,1) (S 1810,174,175) (D 0,1,1)
0 1 1811 22 58 3 (D 0,1,1) (S 1811,176,177) (D 0,1,1)
0 1 1812 26 83 3 (D 0,1,1) (S 1812,35,178) (D 0,1,1)
0 1 1813 60 156 3 (D 0,1,1) (S 1813,179,180) (D 0,1,1)
0 1 1814 46 62 3 (D 0,1,1) (S 1814,181,182) (D 0,1,1)
0 1 1815 127 248 3 (D 0,1,1) (S 1815,183,142) (D 0,1,1)
0 1 1816 23 66 3 (D 0,1,1) (S 1816,184,152) (D 0,1,1)
0 1 1817 81 130 3 (D 0,1,1) (S 1817,185,186) (D 0,1,1)
0 1 1818 106 118 3 (D 0,1,1) (S 1818,42,187) (D 0,1,1)
0 1 1819 34 62 3 (D 0,1,1) (S 1819,188,189) (D 0,1,1)
0 1 1820 50 90 3 (D 0,1,1) (S 1820,190,191) (D 0,1,1)
0 1 1821 21 75 3 (D 0,1,1) (S 1821,192,193) (D 0,1,1)
0 1 1822 83 99 3 (D 0,1,1) (S 1822,145,194) (D 0,1,1)
0 1 1823 16 63 3 (D 0,1,1) (S 1823,195,196) (D 0,1,1)
0 1 1824 31 62 3 (D 0,1,1) (S 1824,108,197) (D 0,1,1)
0 1 1825 35 75 3 (D 0,1,1) (S 1825,180,198) (D 0,1,1)
0 1 1826 126 147 3 (D 0,1,1) (S 1826,199,200) (D 0,1,1)
0 1 1827 7 32 3 (D 0,1,1) (S 1827,201,202) (D 0,1,1)
0 1 1828 7 23 3 (D 0,1,1) (S 1828,203,204) (D 0,1,1)
0 1 1829 4 41 3 (D 0,1,1) (S 1829,171,205) (D 0,1,1)
0 1 1830 24 71 3 (D 0,1,1) (S 1830,206,35) (D 0,1,1)
0 1 1831 74 86 3 (D 0,1,1) (S 1831,61,207) (D 0,1,1)
0 1 1832 123 160 3 (D 0,1,1) (S 1832,208,209) (D 0,1,1)
0 1 1833 143 196 3 (D 0,1,1) (S 1833,210,211) (D 0,1,1)
0 1 1834 7 29 3 (D 0,1,1) (S 1834,212,201) (D 0,1,1)
0 1 1835 104 129 3 (D 0,1,1) (S 1835,213,214) (D 0,1,1)
0 1 1836 7 25 3 (D 0,1,1) (S 1836,215,125) (D 0,1,1)
0 1 1837 74 173 3 (D 0,1,1) (S 1837,198,176) (D 0,1,1)
0 1 1838 86 102 3 (D 0,1,1) (S 1838,216,217) (D 0,1,1)
0 1 1839 13 55 3 (D 0,1,1) (S 1839,218,219) (D 0,1,1)
0 1 1840 17 28 3 (D 0,1,1) (S 1840,220,221) (D 0,1,1)
0 1 1841 45 106 3 (D 0,1,1) (S 1841,222,223) (D 0,1,1)
0 1 1842 189 232 3 (D 0,1,1) (S 1842,224,113) (D 0,1,1)
0 1 1843 118 151 3 (D 0,1,1) (S 1843,225,226) (D 0,1,1)
0 1 1844 51 67 3 (D 0,1,1) (S 1844,227,228) (D 0,1,1)
0 1 1845 35 58 3 (D 0,1,1) (S 1845,229,230) (D 0,1,1)
0 1 1846 139 173 3 (D 0,1,1) (S 1846,231,232) (D 0,1,1)
0 1 1847 7 49 3 (D 0,1,1) (S 1847,156,154) (D 0,1,1)
0 1 1848 30 89 3 (D 0,1,1) (S 1848,68,233) (D 0,1,1)
0 1 1849 68 116 3 (D 0,1,1) (S 1849,234,45) (D 0,1,1)
0 1 1850 75 97 3 (D 0,1,1) (S 1850,235,236) (D 0,1,1)
0 1 1851 32 45 3 (D 0,1,1) (S 1851,32,237) (D 0,1,1)
0 1 1852 63 87 3 (D 0,1,1) (S 1852,238,239) (D 0,1,1)
0 1 1853 100 125 3 (D 0,1,1) (S 1853,240,179) (D 0,1,1)
0 1 1854 1 30 3 (D 0,1,1) (S 1854,241,242) (D 0,1,1)
0 1 1855 120 135 3 (D 0,1,1) (S 1855,243,244) (D 0,1,1)
0 1 1856 145 165 3 (D 0,1,1) (S 1856,1,210) (D 0,1,1)
0 1 1857 7 36 3 (D 0,1,1) (S 1857,205,197) (D 0,1,1)
0 1 1858 65 81 3 (D 0,1,1) (S 1858,245,246) (D 0,1,1)
0 1 1859 31 52 3 (D 0,1,1) (S 1859,247,248) (D 0,1,1)
0 1 1860 111 123 3 (D 0,1,1) (S 1860,249,137) (D 0,1,1)
0 1 1861 63 89 3 (D 0,1,1) (S 1861,250,150) (D 0,1,1)
0 1 1862 105 134 3 (D 0,1,1) (S 1862,251,252) (D 0,1,1)
0 1 1863 143 188 3 (D 0,1,1) (S 1863,253,254) (D 0,1,1)
0 1 1864 207 232 3 (D 0,1,1) (S 1864,255,256) (D 0,1,1)
0 1 1865 58 119 3 (D 0,1,1) (S 1865,257,258) (D 0,1,1)
0 1 1866 7 19 3 (D 0,1,1) (S 1866,259,78) (D 0,1,1)
0 1 1867 704 757 3 (D 0,1,1) (S 1867,260,261) (D 0,1,1)
0 1 1868 102 132 3 (D 0,1,1) (S 1868,162,229) (D 0,1,1)
0 1 1869 51 90 3 (D 0,1,1) (S 1869,262,263) (D 0,1,1)
0 1 1870 16 46 3 (D 0,1,1) (S 1870,180,264) (D 0,1,1)
0 1 1871 153 233 3 (D 0,1,1) (S 1871,242,204) (D 0,1,1)
0 1 1872 89 191 3 (D 0,1,1) (S 1872,265,266) (D 0,1,1)
0 1 1873 69 113 3 (D 0,1,1) (S 1873,267,268) (D 0,1,1)
0 1 1874 172 188 3 (D 0,1,1) (S 1874,269,270) (D 0,1,1)
0 1 1875 150 206 3 (D 0,1,1) (S 1875,271,219) (D 0,1,1)
0 1 1876 82 180 3 (D 0,1,1) (S 1876,219,141) (D 0,1,1)
0 1 1877 69 90 3 (D 0,1,1) (S 1877,272,273) (D 0,1,1)
0 1 1878 46 67 3 (D 0,1,1) (S 1878,235,274) (D 0,1,1)
0 1 1879 126 136 3 (D 0,1,1) (S 1879,74,275) (D 0,1,1)
0 1 1880 1 15 3 (D 0,1,1) (S 1880,276,277) (D 0,1,1)
0 1 1881 26 51 3 (D 0,1,1) (S 1881,278,224) (D 0,1,1)
0 1 1882 92 116 3 (D 0,1,1) (S 1882,279,280) (D 0,1,1)
0 1 1883 6 29 3 (D 0,1,1) (S 1883,203,281) (D 0,1,1)
0 1 1884 47 82 3 (D 0,1,1) (S 1884,282,283) (D 0,1,1)
0 1 1885 117 129 3 (D 0,1,1) (S 1885,284,49) (D 0,1,1)
0 1 1886 35 63 3 (D 0,1,1) (S 1886,237,175) (D 0,1,1)
0 1 1887 12 35 3 (D 0,1,1) (S 1887,152,285) (D 0,1,1)
0 1 1888 4 39 3 (D 0,1,1) (S 1888,286,287) (D 0,1,1)
0 1 1889 62 74 3 (D 0,1,1) (S 1889,217,288) (D 0,1,1)
0 1 1890 37 55 3 (D 0,1,1) (S 1890,289,290) (D 0,1,1)
0 1 1891 190 205 3 (D 0,1,1) (S 1891,270,255) (D 0,1,1)
0 1 1892 37 66 3 (D 0,1,1) (S 1892,291,292) (D 0,1,1)
0 1 1893 235 302 3 (D 0,1,1) (S 1893,120,293) (D 0,1,1)
0 1 1894 31 48 3 (D 0,1,1) (S 1894,294,295) (D 0,1,1)
0 1 1895 134 150 3 (D 0,1,1) (S 1895,296,297) (D 0,1,1)
0 1 1896 328 351 3 (D 0,1,1) (S 1896,298,165) (D 0,1,1)
0 1 1897 70 132 3 (D 0,1,1) (S 1897,106,299) (D 0,1,1)
