59069
26
0
8
0 1 1 1631 3684 25 (D 38,1,1) (S 99,38,52) (S 162,66,65) (S 107,41,54) (S 142,55,67) (S 164,67,68) (S 106,41,40) (S 102,39,38) (S 100,39,22) (S 12,21,21) (S 65,20,19) (S 43,4,5) (S 46,6,20) (S 10,18,18) (S 58,16,1) (S 42,3,18) (S 60,17,16) (S 174,33,17) (S 125,49,35) (S 94,35,34) (S 93,34,48) (S 126,49,50) (S 33,63,63) (S 85,29,13) (D 38,1,1)
0 1 2 1576 3160 21 (D 38,1,1) (S 101,39,23) (S 72,23,39) (S 68,21,37) (S 105,40,39) (S 173,22,6) (S 172,7,8) (S 48,8,9) (S 51,11,12) (S 8,14,14) (S 14,27,27) (S 79,26,25) (S 77,25,41) (S 118,45,57) (S 25,47,47) (S 122,47,58) (S 170,71,58) (S 50,10,11) (S 53,12,28) (S 84,28,27) (D 38,1,1)
0 1 3 1642 2768 14 (D 38,1,1) (S 154,62,61) (S 148,60,48) (S 128,50,37) (S 18,37,37) (S 176,64,52) (S 136,53,54) (S 140,54,65) (S 141,54,66) (S 175,43,44) (S 113,44,28) (S 15,28,28) (S 62,19,4) (D 38,1,1)
0 1 4 1600 2084 10 (D 38,1,1) (S 131,51,63) (S 159,64,65) (S 160,65,53) (S 44,5,6) (S 4,6,6) (S 47,6,21) (S 98,37,38) (S 27,51,51) (D 38,1,1)
0 1 5 1642 2458 10 (D 38,1,1) (S 158,63,64) (S 130,51,37) (S 129,50,51) (S 155,63,51) (S 157,63,62) (S 149,61,49) (S 61,18,17) (S 2,2,2) (D 38,1,1)
0 1 6 1611 2308 10 (D 38,1,1) (S 13,24,24) (S 52,12,13) (S 57,15,31) (S 87,30,29) (S 82,27,26) (S 111,42,43) (S 166,69,56) (S 143,56,42) (D 38,1,1)
0 1 7 1628 2511 9 (D 38,1,1) (S 108,41,55) (S 163,67,66) (S 161,65,54) (S 138,54,41) (S 109,41,56) (S 22,42,42) (S 147,59,60) (D 38,1,1)
0 1 8 1508 2137 9 (D 38,1,1) (S 152,61,62) (S 95,36,20) (S 63,19,35) (S 92,34,18) (S 39,2,3) (S 41,3,4) (S 3,5,5) (D 38,1,1)
0 1 9 1643 2536 9 (D 38,1,1) (S 156,63,52) (S 6,8,8) (S 7,11,11) (S 56,14,30) (S 120,46,47) (S 121,47,31) (S 55,14,15) (D 38,1,1)
0 1 10 1595 2559 8 (D 38,1,1) (S 19,39,39) (S 71,23,7) (S 49,9,10) (S 116,45,44) (S 115,45,29) (S 91,33,34) (D 38,1,1)
0 1 11 1498 2000 7 (D 38,1,1) (S 104,40,24) (S 73,24,8) (S 167,69,68) (S 165,68,56) (S 21,41,41) (D 38,1,1)
0 1 12 1501 2048 7 (D 38,1,1) (S 135,53,52) (S 133,52,53) (S 29,53,53) (S 66,20,35) (S 38,1,2) (D 38,1,1)
0 1 13 1602 2211 7 (D 38,1,1) (S 139,54,55) (S 20,40,40) (S 74,24,9) (S 54,13,14) (S 80,26,42) (D 38,1,1)
0 1 14 1634 2186 7 (D 38,1,1) (S 153,62,50) (S 127,50,36) (S 64,20,5) (S 45,6,7) (S 5,7,7) (D 38,1,1)
0 1 15 1571 2189 7 (D 38,1,1) (S 69,22,21) (S 67,21,20) (S 11,19,19) (S 123,48,34) (S 90,32,59) (D 38,1,1)
0 1 16 1383 1737 6 (D 38,1,1) (S 103,39,52) (S 137,54,40) (S 75,24,39) (S 70,22,23) (D 38,1,1)
0 1 17 1625 2192 7 (D 38,1,1) (S 132,52,51) (S 150,61,50) (S 96,36,35) (S 59,16,32) (S 89,32,33) (D 38,1,1)
0 1 18 1579 2048 6 (D 38,1,1) (S 28,52,52) (S 24,46,46) (S 30,54,54) (S 134,53,39) (D 38,1,1)
0 1 19 1644 2286 7 (D 38,1,1) (S 34,66,66) (S 114,44,45) (S 169,70,71) (S 31,58,58) (S 144,57,45) (D 38,1,1)
0 1 20 1554 2067 6 (D 38,1,1) (S 97,36,37) (S 32,62,62) (S 151,61,60) (S 124,48,49) (D 38,1,1)
0 1 21 1394 2024 6 (D 38,1,1) (S 110,42,41) (S 117,45,46) (S 16,30,30) (S 78,26,10) (D 38,1,1)
0 1 22 1455 2005 6 (D 38,1,1) (S 23,45,45) (S 145,57,70) (S 36,71,71) (S 146,58,57) (D 38,1,1)
0 1 23 1574 2089 6 (D 38,1,1) (S 26,49,49) (S 1,1,1) (S 40,2,17) (S 17,33,33) (D 38,1,1)
0 1 24 1489 2156 6 (D 38,1,1) (S 112,43,69) (S 35,68,68) (S 81,27,11) (S 83,27,43) (D 38,1,1)
0 1 25 1579 2261 6 (D 38,1,1) (S 86,29,28) (S 76,25,9) (S 9,15,15) (S 88,31,30) (D 38,1,1)
0 1 26 760 1365 4 (D 38,1,1) (S 119,46,30) (S 168,70,69) (D 38,1,1)
