880
10
0
0
0 1 1 5 39 6 (D 1,1,1) (S 22,1,12) (S 45,12,1) (S 14,1,2) (S 1,2,2) (D 1,1,1)
0 1 2 5 82 7 (D 1,1,1) (S 27,2,9) (S 32,9,2) (S 2,4,4) (S 31,4,1) (S 23,1,11) (D 1,1,1)
0 1 3 5 45 6 (D 1,1,1) (S 3,5,5) (S 35,5,3) (S 12,3,5) (S 10,5,12) (D 1,1,1)
0 1 4 5 91 7 (D 1,1,1) (S 26,1,4) (S 7,2,4) (S 38,4,3) (S 30,3,2) (S 37,2,1) (D 1,1,1)
0 1 5 5 57 7 (D 1,1,1) (S 5,7,7) (S 4,6,6) (S 28,6,11) (S 33,11,6) (S 21,6,7) (D 1,1,1)
0 1 6 5 68 7 (D 1,1,1) (S 17,1,7) (S 44,7,6) (S 6,7,8) (S 13,8,10) (S 36,10,8) (D 1,1,1)
0 1 7 5 87 7 (D 1,1,1) (S 18,1,10) (S 19,10,11) (S 43,11,8) (S 20,8,11) (S 42,11,10) (D 1,1,1)
0 1 8 5 121 7 (D 1,1,1) (S 34,12,7) (S 29,7,12) (S 11,5,11) (S 39,11,9) (S 16,9,11) (D 1,1,1)
0 1 9 5 148 7 (D 1,1,1) (S 8,9,10) (S 41,10,1) (S 25,2,3) (S 15,3,4) (S 46,11,1) (D 1,1,1)
0 1 10 3 142 5 (D 1,1,1) (S 40,7,1) (S 9,0,10) (S 24,0,11) (D 1,1,1)
