36540
141
1
0
0 1 1 421 421 3 (D 0,1,1) (S 1,2,2) (D 0,1,1)
0 1 2 480 480 3 (D 0,1,1) (S 2,3,3) (D 0,1,1)
0 1 3 233 233 3 (D 0,1,1) (S 3,5,5) (D 0,1,1)
0 1 4 333 333 3 (D 0,1,1) (S 4,6,6) (D 0,1,1)
0 1 5 458 458 3 (D 0,1,1) (S 5,10,10) (D 0,1,1)
0 1 6 109 109 3 (D 0,1,1) (S 6,12,12) (D 0,1,1)
0 1 7 154 154 3 (D 0,1,1) (S 7,13,13) (D 0,1,1)
0 1 8 178 178 3 (D 0,1,1) (S 8,14,14) (D 0,1,1)
0 1 9 92 92 3 (D 0,1,1) (S 9,16,16) (D 0,1,1)
0 1 10 372 372 3 (D 0,1,1) (S 10,20,20) (D 0,1,1)
0 1 11 299 299 3 (D 0,1,1) (S 11,22,22) (D 0,1,1)
0 1 12 387 387 3 (D 0,1,1) (S 12,27,27) (D 0,1,1)
0 1 13 123 123 3 (D 0,1,1) (S 13,28,28) (D 0,1,1)
0 1 14 340 340 3 (D 0,1,1) (S 14,29,29) (D 0,1,1)
0 1 15 119 119 3 (D 0,1,1) (S 15,30,30) (D 0,1,1)
0 1 16 274 274 3 (D 0,1,1) (S 16,32,32) (D 0,1,1)
0 1 17 474 474 3 (D 0,1,1) (S 17,33,33) (D 0,1,1)
0 1 18 258 258 3 (D 0,1,1) (S 18,39,39) (D 0,1,1)
0 1 19 406 406 3 (D 0,1,1) (S 19,41,41) (D 0,1,1)
0 1 20 444 444 3 (D 0,1,1) (S 20,42,42) (D 0,1,1)
0 1 21 341 341 3 (D 0,1,1) (S 21,43,43) (D 0,1,1)
0 1 22 196 196 3 (D 0,1,1) (S 22,44,44) (D 0,1,1)
0 1 23 382 382 3 (D 0,1,1) (S 23,45,45) (D 0,1,1)
0 1 24 415 415 3 (D 0,1,1) (S 24,46,46) (D 0,1,1)
0 1 25 300 300 3 (D 0,1,1) (S 25,47,47) (D 0,1,1)
0 1 26 307 307 3 (D 0,1,1) (S 26,48,48) (D 0,1,1)
0 1 27 273 273 3 (D 0,1,1) (S 27,50,50) (D 0,1,1)
0 1 28 61 61 3 (D 0,1,1) (S 28,51,51) (D 0,1,1)
0 1 29 404 404 3 (D 0,1,1) (S 29,53,53) (D 0,1,1)
0 1 30 115 115 3 (D 0,1,1) (S 30,54,54) (D 0,1,1)
0 1 31 390 390 3 (D 0,1,1) (S 31,58,58) (D 0,1,1)
0 1 32 305 305 3 (D 0,1,1) (S 32,62,62) (D 0,1,1)
0 1 33 299 299 3 (D 0,1,1) (S 33,64,64) (D 0,1,1)
0 1 34 79 79 3 (D 0,1,1) (S 34,65,65) (D 0,1,1)
0 1 35 351 351 3 (D 0,1,1) (S 35,67,67) (D 0,1,1)
0 1 36 173 173 3 (D 0,1,1) (S 36,68,68) (D 0,1,1)
0 1 37 377 377 3 (D 0,1,1) (S 37,71,71) (D 0,1,1)
0 1 38 483 483 3 (D 0,1,1) (S 38,74,74) (D 0,1,1)
0 1 39 107 107 3 (D 0,1,1) (S 39,75,75) (D 0,1,1)
0 1 40 78 78 3 (D 0,1,1) (S 40,76,76) (D 0,1,1)
0 1 41 221 221 3 (D 0,1,1) (S 41,79,79) (D 0,1,1)
0 1 42 335 335 3 (D 0,1,1) (S 42,80,80) (D 0,1,1)
0 1 43 308 308 3 (D 0,1,1) (S 43,83,83) (D 0,1,1)
0 1 44 251 251 3 (D 0,1,1) (S 44,84,84) (D 0,1,1)
0 1 45 498 498 3 (D 0,1,1) (S 45,85,85) (D 0,1,1)
0 1 46 283 283 3 (D 0,1,1) (S 46,87,87) (D 0,1,1)
0 1 47 486 486 3 (D 0,1,1) (S 47,91,91) (D 0,1,1)
0 1 48 490 490 3 (D 0,1,1) (S 48,92,92) (D 0,1,1)
0 1 49 374 374 3 (D 0,1,1) (S 49,94,94) (D 0,1,1)
0 1 50 66 66 3 (D 0,1,1) (S 50,98,98) (D 0,1,1)
0 1 51 207 207 3 (D 0,1,1) (S 51,99,99) (D 0,1,1)
0 1 52 56 56 3 (D 0,1,1) (S 52,100,100) (D 0,1,1)
0 1 53 278 278 3 (D 0,1,1) (S 53,101,101) (D 0,1,1)
0 1 54 183 183 3 (D 0,1,1) (S 54,103,103) (D 0,1,1)
0 1 55 364 364 3 (D 0,1,1) (S 55,108,108) (D 0,1,1)
0 1 56 108 108 3 (D 0,1,1) (S 56,109,109) (D 0,1,1)
0 1 57 336 336 3 (D 0,1,1) (S 57,113,113) (D 0,1,1)
0 1 58 197 197 3 (D 0,1,1) (S 58,114,114) (D 0,1,1)
0 1 59 363 363 3 (D 0,1,1) (S 59,116,116) (D 0,1,1)
0 1 60 360 360 3 (D 0,1,1) (S 60,117,117) (D 0,1,1)
0 1 61 371 371 3 (D 0,1,1) (S 61,120,120) (D 0,1,1)
0 1 62 182 182 3 (D 0,1,1) (S 62,121,121) (D 0,1,1)
0 1 63 131 131 3 (D 0,1,1) (S 63,122,122) (D 0,1,1)
0 1 64 165 165 3 (D 0,1,1) (S 64,123,123) (D 0,1,1)
0 1 65 295 295 3 (D 0,1,1) (S 65,124,124) (D 0,1,1)
0 1 66 118 118 3 (D 0,1,1) (S 66,125,125) (D 0,1,1)
0 1 67 175 175 3 (D 0,1,1) (S 67,127,127) (D 0,1,1)
0 1 68 239 239 3 (D 0,1,1) (S 68,130,130) (D 0,1,1)
0 1 69 92 92 3 (D 0,1,1) (S 69,132,132) (D 0,1,1)
0 1 70 374 374 3 (D 0,1,1) (S 70,133,133) (D 0,1,1)
0 1 71 71 71 3 (D 0,1,1) (S 71,135,135) (D 0,1,1)
0 1 72 402 402 3 (D 0,1,1) (S 72,137,137) (D 0,1,1)
0 1 73 167 167 3 (D 0,1,1) (S 73,139,139) (D 0,1,1)
0 1 74 200 200 3 (D 0,1,1) (S 74,140,140) (D 0,1,1)
0 1 75 72 72 3 (D 0,1,1) (S 75,142,142) (D 0,1,1)
0 1 76 402 402 3 (D 0,1,1) (S 76,143,143) (D 0,1,1)
0 1 77 429 429 3 (D 0,1,1) (S 77,144,144) (D 0,1,1)
0 1 78 148 148 3 (D 0,1,1) (S 78,148,148) (D 0,1,1)
0 1 79 399 399 3 (D 0,1,1) (S 79,150,150) (D 0,1,1)
0 1 80 270 288 3 (D 0,1,1) (S 80,3,4) (D 0,1,1)
0 1 81 213 229 3 (D 0,1,1) (S 81,59,72) (D 0,1,1)
0 1 82 265 283 3 (D 0,1,1) (S 82,4,5) (D 0,1,1)
0 1 83 245 263 3 (D 0,1,1) (S 83,12,21) (D 0,1,1)
0 1 84 238 257 3 (D 0,1,1) (S 84,15,14) (D 0,1,1)
0 1 85 278 296 3 (D 0,1,1) (S 85,17,8) (D 0,1,1)
0 1 86 199 218 3 (D 0,1,1) (S 86,19,18) (D 0,1,1)
0 1 87 360 384 3 (D 0,1,1) (S 87,20,11) (D 0,1,1)
0 1 88 243 262 3 (D 0,1,1) (S 88,27,28) (D 0,1,1)
0 1 89 202 220 3 (D 0,1,1) (S 89,37,38) (D 0,1,1)
0 1 90 303 321 3 (D 0,1,1) (S 90,38,37) (D 0,1,1)
0 1 91 347 366 3 (D 0,1,1) (S 91,42,41) (D 0,1,1)
0 1 92 242 259 3 (D 0,1,1) (S 92,50,51) (D 0,1,1)
0 1 93 322 343 3 (D 0,1,1) (S 93,52,51) (D 0,1,1)
0 1 94 95 112 3 (D 0,1,1) (S 94,53,52) (D 0,1,1)
0 1 95 104 124 3 (D 0,1,1) (S 95,60,61) (D 0,1,1)
0 1 96 27 46 3 (D 0,1,1) (S 96,61,62) (D 0,1,1)
0 1 97 271 288 3 (D 0,1,1) (S 97,63,50) (D 0,1,1)
0 1 98 179 200 3 (D 0,1,1) (S 98,64,77) (D 0,1,1)
0 1 99 291 306 3 (D 0,1,1) (S 99,65,52) (D 0,1,1)
0 1 100 128 150 3 (D 0,1,1) (S 100,65,78) (D 0,1,1)
0 1 101 176 198 3 (D 0,1,1) (S 101,69,56) (D 0,1,1)
0 1 102 342 367 3 (D 0,1,1) (S 102,70,83) (D 0,1,1)
0 1 103 128 145 3 (D 0,1,1) (S 103,73,60) (D 0,1,1)
0 1 104 243 265 3 (D 0,1,1) (S 104,75,74) (D 0,1,1)
0 1 105 112 126 3 (D 0,1,1) (S 105,77,76) (D 0,1,1)
0 1 106 269 287 3 (D 0,1,1) (S 106,81,80) (D 0,1,1)
0 1 107 399 414 3 (D 0,1,1) (S 107,82,69) (D 0,1,1)
0 1 108 265 295 3 (D 0,1,1) (S 108,84,70) (D 0,1,1)
0 1 109 214 238 3 (D 0,1,1) (S 109,84,96) (D 0,1,1)
0 1 110 256 273 3 (D 0,1,1) (S 110,90,78) (D 0,1,1)
0 1 111 23 44 3 (D 0,1,1) (S 111,91,79) (D 0,1,1)
0 1 112 225 243 3 (D 0,1,1) (S 112,93,82) (D 0,1,1)
0 1 113 338 362 3 (D 0,1,1) (S 113,93,106) (D 0,1,1)
0 1 114 304 322 3 (D 0,1,1) (S 114,95,84) (D 0,1,1)
0 1 115 325 344 3 (D 0,1,1) (S 115,99,98) (D 0,1,1)
0 1 116 115 138 3 (D 0,1,1) (S 116,100,89) (D 0,1,1)
0 1 117 366 385 3 (D 0,1,1) (S 117,100,101) (D 0,1,1)
0 1 118 370 389 3 (D 0,1,1) (S 118,104,115) (D 0,1,1)
0 1 119 33 54 3 (D 0,1,1) (S 119,108,95) (D 0,1,1)
0 1 120 208 228 3 (D 0,1,1) (S 120,108,109) (D 0,1,1)
0 1 121 31 53 3 (D 0,1,1) (S 121,110,111) (D 0,1,1)
0 1 122 56 74 3 (D 0,1,1) (S 122,114,113) (D 0,1,1)
0 1 123 212 233 3 (D 0,1,1) (S 123,116,129) (D 0,1,1)
0 1 124 343 359 3 (D 0,1,1) (S 124,117,106) (D 0,1,1)
0 1 125 265 285 3 (D 0,1,1) (S 125,123,111) (D 0,1,1)
0 1 126 13 32 3 (D 0,1,1) (S 126,125,124) (D 0,1,1)
0 1 127 394 416 3 (D 0,1,1) (S 127,126,137) (D 0,1,1)
0 1 128 34 53 3 (D 0,1,1) (S 128,127,128) (D 0,1,1)
0 1 129 388 409 3 (D 0,1,1) (S 129,129,128) (D 0,1,1)
0 1 130 160 178 3 (D 0,1,1) (S 130,131,132) (D 0,1,1)
0 1 131 339 359 3 (D 0,1,1) (S 131,133,143) (D 0,1,1)
0 1 132 115 134 3 (D 0,1,1) (S 132,136,137) (D 0,1,1)
0 1 133 57 74 3 (D 0,1,1) (S 133,138,128) (D 0,1,1)
0 1 134 378 417 3 (D 0,1,1) (S 134,140,118) (D 0,1,1)
0 1 135 73 109 3 (D 0,1,1) (S 135,140,141) (D 0,1,1)
0 1 136 135 160 3 (D 0,1,1) (S 136,141,131) (D 0,1,1)
0 1 137 238 256 3 (D 0,1,1) (S 137,142,132) (D 0,1,1)
0 1 138 313 332 3 (D 0,1,1) (S 138,142,141) (D 0,1,1)
0 1 139 393 408 3 (D 0,1,1) (S 139,144,134) (D 0,1,1)
0 1 140 161 183 3 (D 0,1,1) (S 140,145,144) (D 0,1,1)
0 1 141 79 98 3 (D 0,1,1) (S 141,147,146) (D 0,1,1)
