2707
7
0
5
0 1 1 198 373 42 (D 1,1,1) (S 18,2,2) (S 26,12,12) (S 116,12,6) (S 50,6,12) (S 10,6,6) (S 107,6,2) (S 41,2,6) (S 32,1,2) (S 98,2,1) (S 24,35,35) (S 27,29,29) (S 25,37,37) (S 44,3,7) (S 110,7,3) (S 30,4,4) (S 22,3,3) (S 51,7,13) (S 117,13,7) (S 13,13,13) (S 17,17,17) (S 128,17,13) (S 63,13,18) (S 9,18,18) (S 129,18,13) (S 62,13,17) (S 71,20,21) (S 73,21,22) (S 75,22,25) (S 141,25,22) (S 139,22,21) (S 137,21,20) (S 28,20,20) (S 12,25,25) (S 143,25,24) (S 77,24,25) (S 142,24,23) (S 76,23,24) (S 140,24,21) (S 74,21,24) (S 138,23,20) (D 1,1,1)
0 1 2 200 372 26 (D 1,1,1) (S 21,8,8) (S 6,10,10) (S 121,10,9) (S 55,9,10) (S 11,15,15) (S 122,15,9) (S 56,9,15) (S 66,15,16) (S 132,16,15) (S 131,15,14) (S 7,14,14) (S 65,14,15) (S 123,16,10) (S 57,10,16) (S 125,16,11) (S 14,11,11) (S 59,11,16) (S 33,1,6) (S 99,6,1) (S 16,34,34) (S 3,28,28) (S 147,28,27) (S 82,27,34) (S 20,32,32) (D 1,1,1)
0 1 3 199 386 29 (D 1,1,1) (S 43,3,4) (S 109,4,3) (S 47,4,38) (S 162,38,37) (S 96,37,38) (S 113,38,4) (S 46,4,5) (S 48,5,39) (S 29,39,39) (S 114,39,5) (S 2,5,5) (S 112,5,4) (S 5,7,7) (S 115,7,6) (S 49,6,7) (S 45,3,37) (S 153,37,30) (S 87,30,37) (S 111,37,3) (S 19,19,19) (S 133,18,17) (S 127,17,12) (S 61,12,17) (S 67,17,18) (S 1,22,22) (S 4,21,21) (S 72,20,23) (D 1,1,1)
0 1 4 195 335 21 (D 1,1,1) (S 34,1,8) (S 100,8,1) (S 37,1,33) (S 92,33,34) (S 158,34,33) (S 23,33,33) (S 103,33,1) (S 36,1,11) (S 102,11,1) (S 39,1,40) (S 105,40,1) (S 38,1,35) (S 104,35,1) (S 42,2,36) (S 151,36,29) (S 85,29,36) (S 108,36,2) (S 40,2,3) (S 106,3,2) (D 1,1,1)
0 1 5 195 408 20 (D 1,1,1) (S 54,8,40) (S 120,40,8) (S 52,8,9) (S 118,9,8) (S 53,8,14) (S 119,14,8) (S 148,34,27) (S 15,27,27) (S 144,27,26) (S 78,26,27) (S 81,27,28) (S 93,34,35) (S 159,35,34) (S 146,34,26) (S 79,26,33) (S 145,33,26) (S 80,26,34) (S 60,12,13) (D 1,1,1)
0 1 6 195 389 21 (D 1,1,1) (S 58,11,12) (S 124,12,11) (S 95,36,37) (S 155,37,31) (S 152,31,30) (S 8,30,30) (S 86,30,31) (S 89,31,37) (S 156,38,31) (S 90,31,38) (S 157,39,32) (S 91,32,39) (S 163,39,38) (S 97,38,39) (S 154,32,31) (S 150,30,29) (S 84,29,30) (S 161,37,36) (S 160,36,35) (D 1,1,1)
0 1 7 190 444 17 (D 1,1,1) (S 35,1,10) (S 101,10,1) (S 126,13,12) (S 68,17,20) (S 134,20,17) (S 64,13,19) (S 135,19,18) (S 69,18,19) (S 130,19,13) (S 70,18,22) (S 136,22,18) (S 88,31,32) (S 94,35,36) (S 149,35,28) (S 83,28,35) (D 1,1,1)
