860
9
0
0
0 1 1 5 43 7 (D 1,1,1) (S 12,1,6) (S 32,6,1) (S 18,1,2) (S 4,9,9) (S 31,9,2) (D 1,1,1)
0 1 2 5 88 7 (D 1,1,1) (S 11,2,9) (S 6,2,4) (S 34,4,1) (S 36,6,5) (S 1,3,3) (D 1,1,1)
0 1 3 5 72 7 (D 1,1,1) (S 14,1,4) (S 33,4,3) (S 23,3,5) (S 27,5,3) (S 16,5,6) (D 1,1,1)
0 1 4 5 72 7 (D 1,1,1) (S 5,1,10) (S 3,8,8) (S 25,8,10) (S 29,10,8) (S 20,8,11) (D 1,1,1)
0 1 5 5 76 6 (D 1,1,1) (S 24,1,7) (S 2,7,7) (S 9,7,8) (S 17,10,11) (D 1,1,1)
0 1 6 5 136 7 (D 1,1,1) (S 39,6,7) (S 19,7,6) (S 38,2,1) (S 22,9,11) (S 40,11,8) (D 1,1,1)
0 1 7 5 138 7 (D 1,1,1) (S 7,2,3) (S 13,3,4) (S 15,9,10) (S 37,11,10) (S 35,10,9) (D 1,1,1)
0 1 8 5 158 7 (D 1,1,1) (S 10,5,11) (S 26,11,9) (S 30,11,5) (S 21,0,11) (S 28,7,1) (D 1,1,1)
0 1 9 1 77 3 (D 1,1,1) (S 8,0,3) (D 1,1,1)
