3395
19
0
4
0 1 1 75 129 15 (D 1,1,1) (S 62,12,13) (S 133,13,12) (S 66,14,15) (S 137,15,14) (S 5,23,23) (S 140,23,15) (S 69,15,23) (S 153,23,22) (S 82,22,23) (S 68,15,16) (S 139,16,15) (S 135,14,13) (S 64,13,14) (D 1,1,1)
0 1 2 73 162 19 (D 1,1,1) (S 40,1,6) (S 50,6,12) (S 90,26,30) (S 161,30,26) (S 144,19,18) (S 73,18,19) (S 77,19,26) (S 9,41,41) (S 24,41,48) (S 25,41,49) (S 27,42,44) (S 15,36,37) (S 28,43,45) (S 167,32,28) (S 96,28,32) (S 172,32,31) (S 102,31,37) (D 1,1,1)
0 1 3 73 139 15 (D 1,1,1) (S 111,6,1) (S 63,12,20) (S 134,20,12) (S 121,12,6) (S 131,12,11) (S 61,11,19) (S 89,26,29) (S 160,29,26) (S 100,30,34) (S 12,34,40) (S 22,40,47) (S 171,34,30) (S 148,26,19) (D 1,1,1)
0 1 4 72 151 13 (D 1,1,1) (S 10,7,7) (S 113,7,2) (S 42,2,7) (S 52,7,8) (S 123,8,7) (S 54,8,9) (S 125,9,8) (S 55,8,14) (S 126,14,8) (S 8,10,10) (S 4,3,3) (D 1,1,1)
0 1 5 72 164 13 (D 1,1,1) (S 51,6,13) (S 65,13,21) (S 136,21,13) (S 122,13,6) (S 60,11,12) (S 132,19,11) (S 1,19,19) (S 11,34,35) (S 14,35,41) (S 21,40,41) (S 23,41,42) (D 1,1,1)
0 1 6 72 158 12 (D 1,1,1) (S 7,5,5) (S 47,5,11) (S 145,26,18) (S 74,18,26) (S 163,30,27) (S 92,27,30) (S 13,35,36) (S 16,36,42) (S 30,44,49) (S 34,47,48) (D 1,1,1)
0 1 7 72 167 12 (D 1,1,1) (S 49,6,7) (S 53,7,13) (S 124,13,7) (S 57,9,15) (S 128,15,9) (S 115,9,3) (S 6,4,4) (S 45,4,10) (S 116,10,4) (S 114,4,3) (D 1,1,1)
0 1 8 75 172 12 (D 1,1,1) (S 78,20,21) (S 81,21,27) (S 152,27,21) (S 149,21,20) (S 147,20,19) (S 176,34,33) (S 107,33,40) (S 178,40,33) (S 118,11,5) (S 76,19,20) (D 1,1,1)
0 1 9 74 176 12 (D 1,1,1) (S 39,1,5) (S 91,26,34) (S 162,34,26) (S 99,29,39) (S 177,39,33) (S 105,33,34) (S 173,37,31) (S 101,31,32) (S 103,32,37) (S 18,37,43) (D 1,1,1)
0 1 10 73 166 12 (D 1,1,1) (S 71,16,24) (S 86,24,25) (S 3,25,25) (S 157,25,24) (S 19,38,43) (S 32,45,50) (S 174,37,32) (S 159,28,25) (S 88,25,28) (S 142,24,16) (D 1,1,1)
0 1 11 70 172 10 (D 1,1,1) (S 120,7,6) (S 67,14,22) (S 85,23,31) (S 156,31,23) (S 84,23,24) (S 155,24,23) (S 138,22,14) (S 58,9,16) (D 1,1,1)
0 1 12 72 191 10 (D 1,1,1) (S 75,18,29) (S 146,29,18) (S 2,49,49) (S 31,44,50) (S 29,43,50) (S 26,42,43) (S 104,32,38) (S 175,38,32) (D 1,1,1)
0 1 13 70 185 10 (D 1,1,1) (S 80,21,22) (S 83,22,31) (S 154,31,22) (S 151,22,21) (S 94,27,35) (S 106,33,39) (S 170,39,29) (S 98,29,33) (D 1,1,1)
0 1 14 75 228 11 (D 1,1,1) (S 129,16,9) (S 44,3,9) (S 56,9,10) (S 59,10,17) (S 72,17,25) (S 143,25,17) (S 141,17,16) (S 70,16,17) (S 110,5,1) (D 1,1,1)
0 1 15 69 198 9 (D 1,1,1) (S 117,6,5) (S 48,5,18) (S 33,46,47) (S 35,48,49) (S 165,35,27) (S 93,27,31) (S 17,37,38) (D 1,1,1)
0 1 16 75 216 9 (D 1,1,1) (S 41,2,3) (S 43,3,4) (S 112,3,2) (S 109,2,1) (S 38,1,2) (S 87,24,32) (S 20,38,45) (D 1,1,1)
0 1 17 74 197 9 (D 1,1,1) (S 79,20,30) (S 169,33,29) (S 108,33,46) (S 179,46,33) (S 150,30,20) (S 119,18,5) (S 46,5,6) (D 1,1,1)
0 1 18 67 183 8 (D 1,1,1) (S 158,32,24) (S 97,28,38) (S 168,38,28) (S 164,31,27) (S 95,27,36) (S 166,36,27) (D 1,1,1)
0 1 19 64 241 8 (D 1,1,1) (S 130,17,10) (S 127,10,9) (S 37,0,50) (S 181,0,33) (S 36,49,50) (S 180,0,33) (D 1,1,1)
