25534
10
0
0
0 1 1 1802 3327 17 (D 21,1,1) (S 20,16,15) (S 16,12,13) (S 45,31,28) (S 43,29,23) (S 21,17,16) (S 9,7,13) (S 1,24,24) (S 37,25,33) (S 47,33,32) (S 36,25,21) (S 31,21,22) (S 53,36,37) (S 42,28,29) (S 70,29,37) (S 44,31,27) (D 21,1,1)
0 1 2 1755 3093 13 (D 21,1,1) (S 8,7,6) (S 6,6,1) (S 11,9,8) (S 60,7,8) (S 66,15,20) (S 68,22,27) (S 49,34,35) (S 51,35,36) (S 72,31,37) (S 73,37,31) (S 13,10,9) (D 21,1,1)
0 1 3 1696 2616 10 (D 21,1,1) (S 12,10,4) (S 4,4,5) (S 15,11,10) (S 63,9,17) (S 65,15,14) (S 64,14,12) (S 18,14,24) (S 35,25,20) (D 21,1,1)
0 1 4 1764 2700 10 (D 21,1,1) (S 69,28,27) (S 41,27,31) (S 74,37,38) (S 54,38,30) (S 71,30,29) (S 67,19,11) (S 40,27,26) (S 29,20,21) (D 21,1,1)
0 1 5 1795 2915 9 (D 21,1,1) (S 19,16,8) (S 56,1,2) (S 57,2,7) (S 7,6,12) (S 17,13,15) (S 62,9,3) (S 23,17,22) (D 21,1,1)
0 1 6 1642 2740 9 (D 21,1,1) (S 25,18,19) (S 28,19,30) (S 22,17,18) (S 61,9,2) (S 58,2,9) (S 59,3,4) (S 5,5,11) (D 21,1,1)
0 1 7 1807 2299 7 (D 21,1,1) (S 30,21,17) (S 26,18,23) (S 33,23,22) (S 32,22,17) (S 39,26,34) (D 21,1,1)
0 1 8 1678 2421 7 (D 21,1,1) (S 38,26,25) (S 52,36,31) (S 50,35,27) (S 48,34,33) (S 46,32,24) (D 21,1,1)
0 1 9 1791 2775 7 (D 21,1,1) (S 10,8,7) (S 3,2,3) (S 14,10,18) (S 27,19,10) (S 24,18,10) (D 21,1,1)
0 1 10 400 648 3 (D 21,1,1) (S 34,24,25) (D 21,1,1)
