42939
266
0
3
0 1 1 494 494 3 (D 0,1,1) (S 1,1,1) (D 0,1,1)
0 1 2 190 190 3 (D 0,1,1) (S 2,2,2) (D 0,1,1)
0 1 3 318 318 3 (D 0,1,1) (S 3,5,5) (D 0,1,1)
0 1 4 239 239 3 (D 0,1,1) (S 4,6,6) (D 0,1,1)
0 1 5 470 470 3 (D 0,1,1) (S 5,7,7) (D 0,1,1)
0 1 6 277 277 3 (D 0,1,1) (S 6,8,8) (D 0,1,1)
0 1 7 245 245 3 (D 0,1,1) (S 7,11,11) (D 0,1,1)
0 1 8 63 63 3 (D 0,1,1) (S 8,14,14) (D 0,1,1)
0 1 9 433 433 3 (D 0,1,1) (S 9,15,15) (D 0,1,1)
0 1 10 71 71 3 (D 0,1,1) (S 10,18,18) (D 0,1,1)
0 1 11 377 377 3 (D 0,1,1) (S 11,19,19) (D 0,1,1)
0 1 12 59 59 3 (D 0,1,1) (S 12,21,21) (D 0,1,1)
0 1 13 235 235 3 (D 0,1,1) (S 13,24,24) (D 0,1,1)
0 1 14 90 90 3 (D 0,1,1) (S 14,27,27) (D 0,1,1)
0 1 15 235 235 3 (D 0,1,1) (S 15,28,28) (D 0,1,1)
0 1 16 377 377 3 (D 0,1,1) (S 16,30,30) (D 0,1,1)
0 1 17 344 344 3 (D 0,1,1) (S 17,33,33) (D 0,1,1)
0 1 18 229 229 3 (D 0,1,1) (S 18,37,37) (D 0,1,1)
0 1 19 334 334 3 (D 0,1,1) (S 19,39,39) (D 0,1,1)
0 1 20 354 354 3 (D 0,1,1) (S 20,40,40) (D 0,1,1)
0 1 21 363 363 3 (D 0,1,1) (S 21,41,41) (D 0,1,1)
0 1 22 276 276 3 (D 0,1,1) (S 22,42,42) (D 0,1,1)
0 1 23 367 367 3 (D 0,1,1) (S 23,45,45) (D 0,1,1)
0 1 24 309 309 3 (D 0,1,1) (S 24,46,46) (D 0,1,1)
0 1 25 105 105 3 (D 0,1,1) (S 25,47,47) (D 0,1,1)
0 1 26 438 438 3 (D 0,1,1) (S 26,49,49) (D 0,1,1)
0 1 27 232 232 3 (D 0,1,1) (S 27,51,51) (D 0,1,1)
0 1 28 436 436 3 (D 0,1,1) (S 28,52,52) (D 0,1,1)
0 1 29 374 374 3 (D 0,1,1) (S 29,53,53) (D 0,1,1)
0 1 30 447 447 3 (D 0,1,1) (S 30,54,54) (D 0,1,1)
0 1 31 296 296 3 (D 0,1,1) (S 31,58,58) (D 0,1,1)
0 1 32 457 457 3 (D 0,1,1) (S 32,62,62) (D 0,1,1)
0 1 33 114 114 3 (D 0,1,1) (S 33,63,63) (D 0,1,1)
0 1 34 432 432 3 (D 0,1,1) (S 34,66,66) (D 0,1,1)
0 1 35 463 463 3 (D 0,1,1) (S 35,68,68) (D 0,1,1)
0 1 36 390 390 3 (D 0,1,1) (S 36,71,71) (D 0,1,1)
0 1 37 201 220 3 (D 0,1,1) (S 37,1,2) (D 0,1,1)
0 1 38 168 189 3 (D 0,1,1) (S 38,2,3) (D 0,1,1)
0 1 39 298 316 3 (D 0,1,1) (S 39,2,17) (D 0,1,1)
0 1 40 154 192 3 (D 0,1,1) (S 40,3,4) (D 0,1,1)
0 1 41 113 135 3 (D 0,1,1) (S 41,3,18) (D 0,1,1)
0 1 42 37 54 3 (D 0,1,1) (S 42,4,5) (D 0,1,1)
0 1 43 124 142 3 (D 0,1,1) (S 43,5,6) (D 0,1,1)
0 1 44 251 291 3 (D 0,1,1) (S 44,6,7) (D 0,1,1)
0 1 45 44 73 3 (D 0,1,1) (S 45,6,20) (D 0,1,1)
0 1 46 221 237 3 (D 0,1,1) (S 46,6,21) (D 0,1,1)
0 1 47 111 130 3 (D 0,1,1) (S 47,8,9) (D 0,1,1)
0 1 48 323 345 3 (D 0,1,1) (S 48,9,10) (D 0,1,1)
0 1 49 81 99 3 (D 0,1,1) (S 49,10,11) (D 0,1,1)
0 1 50 62 79 3 (D 0,1,1) (S 50,11,12) (D 0,1,1)
0 1 51 164 184 3 (D 0,1,1) (S 51,12,13) (D 0,1,1)
0 1 52 64 85 3 (D 0,1,1) (S 52,12,28) (D 0,1,1)
0 1 53 317 337 3 (D 0,1,1) (S 53,13,14) (D 0,1,1)
0 1 54 269 289 3 (D 0,1,1) (S 54,14,15) (D 0,1,1)
0 1 55 240 259 3 (D 0,1,1) (S 55,14,30) (D 0,1,1)
0 1 56 207 227 3 (D 0,1,1) (S 56,15,31) (D 0,1,1)
0 1 57 34 53 3 (D 0,1,1) (S 57,16,1) (D 0,1,1)
0 1 58 319 343 3 (D 0,1,1) (S 58,16,32) (D 0,1,1)
0 1 59 128 148 3 (D 0,1,1) (S 59,17,16) (D 0,1,1)
0 1 60 169 188 3 (D 0,1,1) (S 60,18,17) (D 0,1,1)
0 1 61 102 122 3 (D 0,1,1) (S 61,19,4) (D 0,1,1)
0 1 62 205 227 3 (D 0,1,1) (S 62,19,35) (D 0,1,1)
0 1 63 276 297 3 (D 0,1,1) (S 63,20,5) (D 0,1,1)
0 1 64 21 40 3 (D 0,1,1) (S 64,20,19) (D 0,1,1)
0 1 65 240 267 3 (D 0,1,1) (S 65,20,35) (D 0,1,1)
0 1 66 323 343 3 (D 0,1,1) (S 66,21,20) (D 0,1,1)
0 1 67 65 86 3 (D 0,1,1) (S 67,21,37) (D 0,1,1)
0 1 68 317 337 3 (D 0,1,1) (S 68,22,21) (D 0,1,1)
0 1 69 375 393 3 (D 0,1,1) (S 69,22,23) (D 0,1,1)
0 1 70 289 308 3 (D 0,1,1) (S 70,23,7) (D 0,1,1)
0 1 71 102 122 3 (D 0,1,1) (S 71,23,39) (D 0,1,1)
0 1 72 285 306 3 (D 0,1,1) (S 72,24,8) (D 0,1,1)
0 1 73 323 351 3 (D 0,1,1) (S 73,24,9) (D 0,1,1)
0 1 74 332 357 3 (D 0,1,1) (S 74,24,39) (D 0,1,1)
0 1 75 376 397 3 (D 0,1,1) (S 75,25,9) (D 0,1,1)
0 1 76 76 93 3 (D 0,1,1) (S 76,25,41) (D 0,1,1)
0 1 77 312 333 3 (D 0,1,1) (S 77,26,10) (D 0,1,1)
0 1 78 82 102 3 (D 0,1,1) (S 78,26,25) (D 0,1,1)
0 1 79 287 308 3 (D 0,1,1) (S 79,26,42) (D 0,1,1)
0 1 80 333 351 3 (D 0,1,1) (S 80,27,11) (D 0,1,1)
0 1 81 208 222 3 (D 0,1,1) (S 81,27,26) (D 0,1,1)
0 1 82 356 376 3 (D 0,1,1) (S 82,27,43) (D 0,1,1)
0 1 83 90 109 3 (D 0,1,1) (S 83,28,27) (D 0,1,1)
0 1 84 21 39 3 (D 0,1,1) (S 84,29,13) (D 0,1,1)
0 1 85 372 391 3 (D 0,1,1) (S 85,29,28) (D 0,1,1)
0 1 86 230 252 3 (D 0,1,1) (S 86,30,29) (D 0,1,1)
0 1 87 398 413 3 (D 0,1,1) (S 87,31,30) (D 0,1,1)
0 1 88 315 334 3 (D 0,1,1) (S 88,32,33) (D 0,1,1)
0 1 89 252 288 3 (D 0,1,1) (S 89,32,59) (D 0,1,1)
0 1 90 168 190 3 (D 0,1,1) (S 90,33,34) (D 0,1,1)
0 1 91 198 215 3 (D 0,1,1) (S 91,34,18) (D 0,1,1)
0 1 92 143 162 3 (D 0,1,1) (S 92,34,48) (D 0,1,1)
0 1 93 134 172 3 (D 0,1,1) (S 93,35,34) (D 0,1,1)
0 1 94 236 254 3 (D 0,1,1) (S 94,36,20) (D 0,1,1)
0 1 95 313 336 3 (D 0,1,1) (S 95,36,35) (D 0,1,1)
0 1 96 370 388 3 (D 0,1,1) (S 96,36,37) (D 0,1,1)
0 1 97 213 231 3 (D 0,1,1) (S 97,37,38) (D 0,1,1)
0 1 98 58 81 3 (D 0,1,1) (S 98,38,52) (D 0,1,1)
0 1 99 48 72 3 (D 0,1,1) (S 99,39,22) (D 0,1,1)
0 1 100 61 81 3 (D 0,1,1) (S 100,39,23) (D 0,1,1)
0 1 101 55 75 3 (D 0,1,1) (S 101,39,38) (D 0,1,1)
0 1 102 325 353 3 (D 0,1,1) (S 102,39,52) (D 0,1,1)
0 1 103 296 315 3 (D 0,1,1) (S 103,40,24) (D 0,1,1)
0 1 104 78 98 3 (D 0,1,1) (S 104,40,39) (D 0,1,1)
0 1 105 75 94 3 (D 0,1,1) (S 105,41,40) (D 0,1,1)
0 1 106 18 46 3 (D 0,1,1) (S 106,41,54) (D 0,1,1)
0 1 107 248 264 3 (D 0,1,1) (S 107,41,55) (D 0,1,1)
0 1 108 241 268 3 (D 0,1,1) (S 108,41,56) (D 0,1,1)
0 1 109 379 397 3 (D 0,1,1) (S 109,42,41) (D 0,1,1)
0 1 110 199 219 3 (D 0,1,1) (S 110,42,43) (D 0,1,1)
0 1 111 337 379 3 (D 0,1,1) (S 111,43,69) (D 0,1,1)
0 1 112 126 145 3 (D 0,1,1) (S 112,44,28) (D 0,1,1)
0 1 113 328 349 3 (D 0,1,1) (S 113,44,45) (D 0,1,1)
0 1 114 255 276 3 (D 0,1,1) (S 114,45,29) (D 0,1,1)
0 1 115 226 247 3 (D 0,1,1) (S 115,45,44) (D 0,1,1)
0 1 116 326 344 3 (D 0,1,1) (S 116,45,46) (D 0,1,1)
0 1 117 40 60 3 (D 0,1,1) (S 117,45,57) (D 0,1,1)
0 1 118 389 409 3 (D 0,1,1) (S 118,46,30) (D 0,1,1)
0 1 119 173 193 3 (D 0,1,1) (S 119,46,47) (D 0,1,1)
0 1 120 172 191 3 (D 0,1,1) (S 120,47,31) (D 0,1,1)
0 1 121 100 121 3 (D 0,1,1) (S 121,47,58) (D 0,1,1)
0 1 122 302 321 3 (D 0,1,1) (S 122,48,34) (D 0,1,1)
0 1 123 364 402 3 (D 0,1,1) (S 123,48,49) (D 0,1,1)
0 1 124 63 81 3 (D 0,1,1) (S 124,49,35) (D 0,1,1)
0 1 125 131 151 3 (D 0,1,1) (S 125,49,50) (D 0,1,1)
0 1 126 311 331 3 (D 0,1,1) (S 126,50,36) (D 0,1,1)
0 1 127 101 129 3 (D 0,1,1) (S 127,50,37) (D 0,1,1)
0 1 128 189 207 3 (D 0,1,1) (S 128,50,51) (D 0,1,1)
0 1 129 217 234 3 (D 0,1,1) (S 129,51,37) (D 0,1,1)
0 1 130 176 197 3 (D 0,1,1) (S 130,51,63) (D 0,1,1)
0 1 131 380 400 3 (D 0,1,1) (S 131,52,51) (D 0,1,1)
0 1 132 352 369 3 (D 0,1,1) (S 132,52,53) (D 0,1,1)
0 1 133 387 408 3 (D 0,1,1) (S 133,53,39) (D 0,1,1)
0 1 134 334 351 3 (D 0,1,1) (S 134,53,52) (D 0,1,1)
0 1 135 151 168 3 (D 0,1,1) (S 135,53,54) (D 0,1,1)
0 1 136 351 368 3 (D 0,1,1) (S 136,54,40) (D 0,1,1)
0 1 137 252 280 3 (D 0,1,1) (S 137,54,41) (D 0,1,1)
0 1 138 321 344 3 (D 0,1,1) (S 138,54,55) (D 0,1,1)
0 1 139 140 163 3 (D 0,1,1) (S 139,54,65) (D 0,1,1)
0 1 140 190 206 3 (D 0,1,1) (S 140,54,66) (D 0,1,1)
0 1 141 38 61 3 (D 0,1,1) (S 141,55,67) (D 0,1,1)
0 1 142 236 255 3 (D 0,1,1) (S 142,56,42) (D 0,1,1)
0 1 143 319 339 3 (D 0,1,1) (S 143,57,45) (D 0,1,1)
0 1 144 347 363 3 (D 0,1,1) (S 144,57,70) (D 0,1,1)
0 1 145 351 389 3 (D 0,1,1) (S 145,58,57) (D 0,1,1)
0 1 146 97 137 3 (D 0,1,1) (S 146,59,60) (D 0,1,1)
0 1 147 88 109 3 (D 0,1,1) (S 147,60,48) (D 0,1,1)
0 1 148 226 245 3 (D 0,1,1) (S 148,61,49) (D 0,1,1)
0 1 149 298 325 3 (D 0,1,1) (S 149,61,50) (D 0,1,1)
0 1 150 363 402 3 (D 0,1,1) (S 150,61,60) (D 0,1,1)
0 1 151 229 248 3 (D 0,1,1) (S 151,61,62) (D 0,1,1)
0 1 152 326 339 3 (D 0,1,1) (S 152,62,50) (D 0,1,1)
0 1 153 76 95 3 (D 0,1,1) (S 153,62,61) (D 0,1,1)
0 1 154 227 248 3 (D 0,1,1) (S 154,63,51) (D 0,1,1)
0 1 155 267 291 3 (D 0,1,1) (S 155,63,52) (D 0,1,1)
0 1 156 233 252 3 (D 0,1,1) (S 156,63,62) (D 0,1,1)
0 1 157 191 209 3 (D 0,1,1) (S 157,63,64) (D 0,1,1)
0 1 158 153 173 3 (D 0,1,1) (S 158,64,65) (D 0,1,1)
0 1 159 242 258 3 (D 0,1,1) (S 159,65,53) (D 0,1,1)
0 1 160 259 282 3 (D 0,1,1) (S 160,65,54) (D 0,1,1)
0 1 161 29 46 3 (D 0,1,1) (S 161,66,65) (D 0,1,1)
0 1 162 255 277 3 (D 0,1,1) (S 162,67,66) (D 0,1,1)
0 1 163 95 111 3 (D 0,1,1) (S 163,67,68) (D 0,1,1)
0 1 164 317 336 3 (D 0,1,1) (S 164,68,56) (D 0,1,1)
0 1 165 132 160 3 (D 0,1,1) (S 165,69,56) (D 0,1,1)
0 1 166 237 255 3 (D 0,1,1) (S 166,69,68) (D 0,1,1)
0 1 167 371 409 3 (D 0,1,1) (S 167,70,69) (D 0,1,1)
0 1 168 269 307 3 (D 0,1,1) (S 168,70,71) (D 0,1,1)
0 1 169 102 117 3 (D 0,1,1) (S 169,71,58) (D 0,1,1)
0 1 170 2 2 3 (D 0,1,1) (S 170,3,3) (D 0,1,1)
0 1 171 17 17 3 (D 0,1,1) (S 171,5,5) (D 0,1,1)
0 1 172 11 11 3 (D 0,1,1) (S 172,6,6) (D 0,1,1)
0 1 173 11 11 3 (D 0,1,1) (S 173,7,7) (D 0,1,1)
0 1 174 8 8 3 (D 0,1,1) (S 174,9,9) (D 0,1,1)
0 1 175 4 4 3 (D 0,1,1) (S 175,10,10) (D 0,1,1)
0 1 176 5 5 3 (D 0,1,1) (S 176,11,11) (D 0,1,1)
0 1 177 8 8 3 (D 0,1,1) (S 177,12,12) (D 0,1,1)
0 1 178 17 17 3 (D 0,1,1) (S 178,13,13) (D 0,1,1)
0 1 179 10 10 3 (D 0,1,1) (S 179,14,14) (D 0,1,1)
0 1 180 17 17 3 (D 0,1,1) (S 180,15,15) (D 0,1,1)
0 1 181 13 13 3 (D 0,1,1) (S 181,16,16) (D 0,1,1)
0 1 182 7 7 3 (D 0,1,1) (S 182,17,17) (D 0,1,1)
0 1 183 16 16 3 (D 0,1,1) (S 183,19,19) (D 0,1,1)
0 1 184 2 2 3 (D 0,1,1) (S 184,20,20) (D 0,1,1)
0 1 185 2 2 3 (D 0,1,1) (S 185,21,21) (D 0,1,1)
0 1 186 6 6 3 (D 0,1,1) (S 186,22,22) (D 0,1,1)
0 1 187 3 3 3 (D 0,1,1) (S 187,23,23) (D 0,1,1)
0 1 188 3 3 3 (D 0,1,1) (S 188,24,24) (D 0,1,1)
0 1 189 3 3 3 (D 0,1,1) (S 189,25,25) (D 0,1,1)
0 1 190 6 6 3 (D 0,1,1) (S 190,26,26) (D 0,1,1)
0 1 191 14 14 3 (D 0,1,1) (S 191,28,28) (D 0,1,1)
0 1 192 20 20 3 (D 0,1,1) (S 192,29,29) (D 0,1,1)
0 1 193 11 11 3 (D 0,1,1) (S 193,30,30) (D 0,1,1)
0 1 194 4 4 3 (D 0,1,1) (S 194,32,32) (D 0,1,1)
0 1 195 2 2 3 (D 0,1,1) (S 195,33,33) (D 0,1,1)
0 1 196 12 12 3 (D 0,1,1) (S 196,34,34) (D 0,1,1)
0 1 197 12 12 3 (D 0,1,1) (S 197,35,35) (D 0,1,1)
0 1 198 1 1 3 (D 0,1,1) (S 198,36,36) (D 0,1,1)
0 1 199 17 17 3 (D 0,1,1) (S 199,38,38) (D 0,1,1)
0 1 200 5 5 3 (D 0,1,1) (S 200,39,39) (D 0,1,1)
0 1 201 10 10 3 (D 0,1,1) (S 201,40,40) (D 0,1,1)
0 1 202 6 6 3 (D 0,1,1) (S 202,41,41) (D 0,1,1)
0 1 203 5 5 3 (D 0,1,1) (S 203,42,42) (D 0,1,1)
0 1 204 10 10 3 (D 0,1,1) (S 204,43,43) (D 0,1,1)
0 1 205 21 21 3 (D 0,1,1) (S 205,45,45) (D 0,1,1)
0 1 206 8 8 3 (D 0,1,1) (S 206,49,49) (D 0,1,1)
0 1 207 13 13 3 (D 0,1,1) (S 207,1,10) (D 0,1,1)
0 1 208 10 10 3 (D 0,1,1) (S 208,48,49) (D 0,1,1)
0 1 209 8 8 3 (D 0,1,1) (S 209,14,22) (D 0,1,1)
0 1 210 4 4 3 (D 0,1,1) (S 210,2,5) (D 0,1,1)
0 1 211 6 6 3 (D 0,1,1) (S 211,6,11) (D 0,1,1)
0 1 212 4 4 3 (D 0,1,1) (S 212,15,24) (D 0,1,1)
0 1 213 8 8 3 (D 0,1,1) (S 213,10,17) (D 0,1,1)
0 1 214 8 8 3 (D 0,1,1) (S 214,37,44) (D 0,1,1)
0 1 215 7 7 3 (D 0,1,1) (S 215,31,32) (D 0,1,1)
0 1 216 5 5 3 (D 0,1,1) (S 216,26,27) (D 0,1,1)
0 1 217 4 4 3 (D 0,1,1) (S 217,46,50) (D 0,1,1)
0 1 218 4 4 3 (D 0,1,1) (S 218,35,36) (D 0,1,1)
0 1 219 14 14 3 (D 0,1,1) (S 219,39,47) (D 0,1,1)
0 1 220 7 7 3 (D 0,1,1) (S 220,38,39) (D 0,1,1)
0 1 221 7 7 3 (D 0,1,1) (S 221,3,6) (D 0,1,1)
0 1 222 6 6 3 (D 0,1,1) (S 222,3,4) (D 0,1,1)
0 1 223 7 7 3 (D 0,1,1) (S 223,1,9) (D 0,1,1)
0 1 224 6 6 3 (D 0,1,1) (S 224,31,39) (D 0,1,1)
0 1 225 4 4 3 (D 0,1,1) (S 225,25,33) (D 0,1,1)
0 1 226 12 12 3 (D 0,1,1) (S 226,17,24) (D 0,1,1)
0 1 227 12 12 3 (D 0,1,1) (S 227,43,48) (D 0,1,1)
0 1 228 4 4 3 (D 0,1,1) (S 228,41,42) (D 0,1,1)
0 1 229 5 5 3 (D 0,1,1) (S 229,39,40) (D 0,1,1)
0 1 230 3 3 3 (D 0,1,1) (S 230,45,50) (D 0,1,1)
0 1 231 3 3 3 (D 0,1,1) (S 231,24,23) (D 0,1,1)
0 1 232 14 14 3 (D 0,1,1) (S 232,43,35) (D 0,1,1)
0 1 233 5 5 3 (D 0,1,1) (S 233,8,9) (D 0,1,1)
0 1 234 4 4 3 (D 0,1,1) (S 234,45,49) (D 0,1,1)
0 1 235 4 4 3 (D 0,1,1) (S 235,50,45) (D 0,1,1)
0 1 236 10 10 3 (D 0,1,1) (S 236,36,44) (D 0,1,1)
0 1 237 2 2 3 (D 0,1,1) (S 237,20,21) (D 0,1,1)
0 1 238 5 5 3 (D 0,1,1) (S 238,33,41) (D 0,1,1)
0 1 239 2 2 3 (D 0,1,1) (S 239,38,36) (D 0,1,1)
0 1 240 8 8 3 (D 0,1,1) (S 240,31,17) (D 0,1,1)
0 1 241 1 1 3 (D 0,1,1) (S 241,2,3) (D 0,1,1)
0 1 242 4 4 3 (D 0,1,1) (S 242,1,15) (D 0,1,1)
0 1 243 4 4 3 (D 0,1,1) (S 243,23,22) (D 0,1,1)
0 1 244 5 5 3 (D 0,1,1) (S 244,18,11) (D 0,1,1)
0 1 245 2 2 3 (D 0,1,1) (S 245,18,17) (D 0,1,1)
0 1 246 2 2 3 (D 0,1,1) (S 246,23,24) (D 0,1,1)
0 1 247 1 1 3 (D 0,1,1) (S 247,17,18) (D 0,1,1)
0 1 248 5 5 3 (D 0,1,1) (S 248,40,39) (D 0,1,1)
0 1 249 4 4 3 (D 0,1,1) (S 249,26,25) (D 0,1,1)
0 1 250 4 4 3 (D 0,1,1) (S 250,23,28) (D 0,1,1)
0 1 251 5 5 3 (D 0,1,1) (S 251,24,30) (D 0,1,1)
0 1 252 4 4 3 (D 0,1,1) (S 252,50,49) (D 0,1,1)
0 1 253 4 4 3 (D 0,1,1) (S 253,21,26) (D 0,1,1)
0 1 254 2 2 3 (D 0,1,1) (S 254,30,29) (D 0,1,1)
0 1 255 1 1 3 (D 0,1,1) (S 255,27,28) (D 0,1,1)
0 1 256 3 3 3 (D 0,1,1) (S 256,21,20) (D 0,1,1)
0 1 257 4 4 3 (D 0,1,1) (S 257,11,18) (D 0,1,1)
0 1 258 6 6 3 (D 0,1,1) (S 258,1,16) (D 0,1,1)
0 1 259 5 5 3 (D 0,1,1) (S 259,22,13) (D 0,1,1)
0 1 260 4 4 3 (D 0,1,1) (S 260,5,6) (D 0,1,1)
0 1 261 3 3 3 (D 0,1,1) (S 261,4,7) (D 0,1,1)
0 1 262 7 7 3 (D 0,1,1) (S 262,17,30) (D 0,1,1)
0 1 263 12 12 3 (D 0,1,1) (S 263,13,9) (D 0,1,1)
0 1 264 4 4 3 (D 0,1,1) (S 264,22,23) (D 0,1,1)
0 1 265 2 2 3 (D 0,1,1) (S 265,18,19) (D 0,1,1)
0 1 266 2 2 3 (D 0,1,1) (S 266,21,22) (D 0,1,1)
